-0.4999747704749259 -0.6658994079667917 -1.0829913718560837
-0.1458036151373125 0.3726679040711551 -1.2883882349303755
-0.45078362535630095 0.10936317263162014 -0.07163510410746826
-1.499767221175519 -1.008703892699851 -0.3321027210249089
-0.7984097864190454 -2.2452442832380886 -1.6688518625373812
-1.4484182320497252 -1.087745680628572 -1.5287073208498683
-0.5992125479260008 -0.5328207784627843 -0.23851596995282365
0.875610996955679 0.3714004226577547 -1.8230514858713478
-1.3763197182618476 0.9073769665843601 1.3991305870460853
0.1646658956977698 1.9395863768455917 0.21766875608425007
-0.07087189864458776 2.0041041019149803 1.4181011337061953
-0.4112277052723219 1.0235286191923838 1.4535051865320276
-0.2785175368993708 1.4820443978050044 1.5717469528726156
0.15757453479331934 2.124267927580309 1.832463990167468
-0.18891500524539995 0.055586766862476544 1.0816671591686087
2.287717705819908 1.9885550938548258 0.8014472785194472
0.8907960602497351 1.0611263778446454 2.5526992999511435
1.8538903876587687 2.5676263759581937 1.7618480258967646
2.105997148890663 0.7182441314467766 2.447799946293955
1.1564742450532632 1.185010992828773 1.3656860933331494
1.3263000788111636 -0.6493917753635231 -0.24384895814542173
1.629875976320352 1.0861821134728356 -1.5545002056983461
2.36390057722955 1.5923589649116903 -0.21464220317661362
2.494993866033277 2.599421808450063 0.9932161482920902
1.4992378512388806 1.8209661208591827 2.2077550007922486
1.1728849372658665 0.8209043656249271 3.072338427397481
0.0888085443554485 1.0767619997361202 1.4093651180747537
1.4581391036789852 3.6074438886081492 2.143114789830523
2.2268130767470926 2.8013557684057346 6.02688414391078
1.9087890319801275 2.7627872863861764 5.420060491128336
2.6615393113709933 1.17557806608029 3.366449303711202
1.4369753729093537 0.35319768760282044 1.6873682197940845
2.5601402212235023 1.068802274247307 1.8967331747157399
1.1186413511488233 1.344572049274815 0.8171874716305843
1.3566229904408518 2.936708997205056 2.6651663465803863
-0.024457191303829617 1.5238656686510017 3.231172517733293
1.7258562018545485 0.7072490861582822 1.3609095064502286
0.7468446858535699 -0.6526807154720706 1.440010247319902
-1.414619306455432 0.2161952571021719 -0.3811205286413757
-0.10077887725870927 0.8643041459628915 1.318118303843826
1.0767434141652237 1.8432742224001304 1.4773344467296057
1.7310567633534037 -2.0286589148375853 0.3343796159991146
1.4819428371082075 -1.524022442270548 -1.3649816829655013
0.378299329133473 -0.6400356436440328 -0.9530401117368426
-1.7364186915542161 -0.9666020456947269 -1.1885817254039865
-0.43040674099861165 0.3929252253517056 -0.33379319608047264
0.934254697433179 -2.3462242799137356 0.7021997887491176
-0.632274615337019 -1.3845309407577338 -0.9088999688793761
-0.7564912885931295 -1.1002615645412814 -2.4037113293552244
0.24117459642982375 0.07154254796656945 -1.1145439128597232
-0.18713080181606517 1.119078578833027 -0.23892510921063298
1.4540517762555276 1.8778986793428187 1.5103849852574789
1.1129940031736827 2.2398556047781164 1.700750383689451
1.7842138229655289 0.9294369410573232 1.1448861096753484
2.1034526529918054 1.3692918370839857 1.1522201353972246
1.6697326553232943 1.9945809142462336 2.2178184798168
1.7556919399651914 2.2314158272138034 2.550997149355348
2.4901514528710154 1.2117657321190771 3.0709856011502503
1.9004428926228047 0.44808626027336595 1.02024697683689
-0.4200731897254606 2.1397466567832 2.1268585461883487
1.0656599356326333 3.633095353853789 2.817997626547433
1.6556325717656535 1.8455073832956208 2.0762992627763204
1.281617995432733 0.9485685650548102 3.3061481284902596
1.6554590962936455 -0.14387838237355333 1.9343581832630008
1.894450908635783 0.01995880293706566 0.6642038503913625
1.9731508403855988 0.27807964863349566 1.4774911316396313
1.3665469191050952 0.23553068446496822 0.49911526514852594
-0.10503837059606991 -0.9718288148722234 0.3754284984868627
0.460019719266222 2.4945455670248764 -0.7157561785224978
2.2685826110099025 2.019356088252029 1.0001874912416602
1.921419799155518 0.028072790816394244 0.7612158567376013
1.1732605372679823 -0.11775348742197238 -0.8585704533428865
-0.9429452585334883 -0.08449748036921212 0.25678346397056856
-1.2040828828266181 -0.21731532283061078 0.6236745994891174
-0.5494906011643934 -0.3863204031819597 0.7475041911876913
-1.8506310252428464 0.9504508012387787 0.5220235285555817
0.4640191490273884 0.3093715723811834 1.222964569273957
-0.5373069387229434 0.46054313344836195 1.0880505802898115
-1.5993871025478767 -0.231348055336821 1.8861865807219593
0.32614970553373923 -1.3760889262407523 1.2837653000730445
-0.7039025390430247 -0.6398161431221701 -1.0446902886446277
-0.9958488409446766 -0.17052451343609584 -1.3643615840160244
1.596800641256233 -1.4452644467006932 -0.7149512370615647
1.4792913757245578 -1.1774738009771801 -0.888221378053752
0.8375110200232967 -1.9216371987427805 0.1945776837460118
0.802172924440268 1.2059100277659143 -2.1938776961787196
2.449882289619521 0.21115472546708758 -0.8864535275366825
0.5165296034706071 0.08544985086665297 0.8646116766781768
0.20270584847679024 0.5902769371396672 1.1203044277964158
0.26604902514791456 -1.228349390579013 1.0797554529278182
1.8122547510607385 -1.690479867293107 -0.41699836063784995
-0.6222917354887795 -0.9611088143890707 -0.462206465693356
-0.8699839361593795 -1.9852483493208855 -2.068869516559235
-0.5441947474728928 -2.3701758207953088 -0.4170762240975112
-2.073563921400205 -0.9593816561219481 -2.2379106375903435
-0.5774113335398664 -0.23174838862240565 -1.2621432277204006
-1.3246418111337257 -0.5978448861198747 -0.3527377261867229
-0.9431401784563926 1.4122295133775626 -1.7427437777713302
-0.18874735085441466 1.3274175110645567 -0.24633199537815403
0.9014289596943412 0.14781650255908652 -0.134035269366798
0.23929369092058966 0.6080597299101638 -0.5701648785078539
-0.9245788231444134 -0.6523814765519789 0.035736685104883315
-0.8381858963485622 -0.26777905874108754 -1.17087454099829
0.24719265334952067 -1.9028749596428238 0.4229762976522974
1.4342193271573243 -0.8951298454519482 -2.8974139611441325
-1.1302926747529916 -0.08011599884381843 -0.01196963130388573
-0.1805232826738813 1.0830849932108397 -1.4291727344094478
-0.8898711224713891 0.977712380089573 -1.8875093828059155
-0.027020154981400507 1.107950496071882 -2.4519222274182315
1.2889131495395452 0.11780769020422022 -0.37584182217099976
0.8393664840355315 0.5115287492046698 -0.6608033330690948
-0.013050363490534123 -0.14492846347715 -0.03910892658959192
0.8555498763518147 0.22026229399426578 -0.5955280903245506
0.5679409064866867 0.7818413907151057 -0.4653196030141156
0.650412321276088 0.4789259244954885 0.46447782381668046
1.1513811915026972 0.525253259137581 -0.862871656342794
1.015952545918293 -1.1236164876926025 -0.32344843083085495
1.9463184525719037 0.6037087939292687 -0.976206427549871
2.4461077377545113 -0.0040201984427936654 1.0233481423318904
-0.6264595221998097 1.5693251425232357 0.822855212459674
-0.31121972736071846 1.438340184680992 1.396531504564509
-0.6245090156141846 2.324518578630379 0.7139802273498929
-1.315817116872209 0.5587360139235729 3.0803625608880614
-0.3726430962521555 0.31159101484123186 1.1246482644027371
2.6205997615046175 1.6909651253253049 -1.0887890865130323
1.085436231654015 1.0414061945027313 2.502087695552014
1.3355652207759574 0.5606764016937035 1.5777441050589902
1.171951521145889 -0.5103909519324319 -1.0230713607457378
0.991954698968142 -1.0739273144257324 -0.29396503861493334
-1.111401891011516 -1.0001760178960601 1.154983448014666
-1.2950915805434817 -1.729334450990752 0.0842772845968888
-0.5349774295993343 0.7526356332946773 -3.611489140397725
-0.6943030003674386 1.4698500722979726 -1.2768958183955377
0.44551562267658323 1.0026008624500071 -0.9352679863291702
1.7905508225257685 -0.09819183949455013 0.5267760656907137
2.5165887254533663 1.6345963850911707 1.3866284981326895
0.4493479602981847 1.8143684001098108 1.8506104413325346
-0.13102426028742908 2.0743046462148502 4.0876449402120985
0.11947605745181589 1.1556336980140296 4.431846392576686
1.058877796244301 0.3234355800101518 1.302710079706413
2.682206536330024 0.6173893322435715 0.7574715697184841
0.47766105846017415 1.2926573662952983 0.27144431161593974
1.2510781550608872 0.8190312657984934 2.5676254307046196
1.569865424778527 -0.10556059407363655 0.72566072250589
0.22444974644637428 -1.6185744976280156 -1.5978261004133154
-0.27366946923169905 -2.8041076765099247 -0.3880954920034856
-1.0702078741620067 -0.924358111376107 -1.6800282510128512
0.136548514730499 0.9629124143158002 -1.5836855649929575
-0.572520794503792 2.0843724552360956 -1.0686939290931927
2.4831973773646494 2.454109393542252 -0.129427183824683
3.265536240338549 1.0120802126681485 1.7760597950069337
2.0128983433960284 0.5999508039284162 -0.33784222341453796
3.1671351773671557 -1.4504793758160208 0.6979658893545708
0.9361653477323637 -1.0687951460498537 -1.218431523202535
-0.16191915681286645 -0.6928042939479223 -2.2485491142294958
0.4981047576772366 -1.249527117260815 -0.41438272465467607
0.818826241193069 -0.3978850834706333 1.2223039849777504
0.5228530994826609 -0.9220498184678487 0.7622219848907217
0.06686033913801995 1.133479825958617 0.2410502086096557
-1.2469491770785206 1.6963272463304622 0.036931897607193065
-0.2559192477855169 1.4545631308510756 1.6911196753041833
-0.9067870176729549 0.6775493773528286 1.3787474418462622
0.7081961199968786 -0.6501757777268666 0.9545054173608887
1.4426060354730113 -0.9825244737574161 -1.258122092158811
1.2709170594870636 -0.5268605083777195 0.523994951290691
0.1995427793126366 -0.568425201240697 -0.011584578273921876
-0.3603141269608917 -0.06351390757476166 1.162074807730669
-2.560027128807039 2.481127607395654 1.7115654879663964
-0.8987174310612281 1.471433082882878 3.5320225992460577
-0.7465009703879306 0.6799191097694244 2.0237978375796453
-2.7710509890340425 -0.09132321257077247 2.180888399470258
-0.4781558025455648 -2.2555442617031565 1.8658411553528922
0.4831593552747626 -2.312638618812544 1.9169015950240071
-1.58932644033036 -2.919154223037431 0.27689555805312444
-1.5557347364696321 -1.9928535391526851 -0.7251449568841
-1.7530885613112648 -0.052772951798202516 -0.18306739398676952
-1.6418005272744405 0.2354476460218299 -0.38147152833048614
-1.9933897700844856 -1.4729036601523358 1.2562641712910676
-0.1558037157568979 -2.6400360684568884 -0.8939789322039716
-1.5166127674249932 -3.1343589092745328 -1.5236919340283308
-1.3984278532200272 -0.8674751981648505 -4.707642952157763
-1.9554750181953695 1.7917792728296242 -2.989120729688512
-1.383911889665724 0.24092300645500708 -1.252039157563432
-0.5231844684614959 0.6868349326773233 0.3717085044810823
0.10095251326802887 0.337058386249226 0.7229988859854691
-0.2764514925927707 -0.6624189317595032 1.0277577263462698
-0.5211917418829803 -0.380432000306222 -0.8376535525463062
-1.3555137493543215 -0.9698417513735393 0.10230897205532141
0.3214660705695278 -0.4452645590004469 -2.6941432411186823
0.14496138202935055 0.09699327825506893 -1.2460297293482445
0.6533198517621825 0.3999496227647471 -0.6396337664603079
0.6464964364822444 -0.31996893476231086 -0.0003206362867729795
-1.5840486133007659 -0.5900965279892131 0.6423284176799495
-0.38053596490978525 -1.643615514516258 0.47394655572607275
-0.11640730991249881 -0.3767696497424542 0.63533406751689
0.16871976451767046 -0.4616533493037063 1.3899575528305916
0.2985744219231368 0.28880632667162937 0.021242850142126957
0.023437341641222825 0.48320929186924 0.29599197048000003
-0.44665123527182143 0.15921259039689534 1.996755991188583
-1.0866516334080305 -0.14172769342140085 0.749336506813923
-0.7021077402443305 0.3893056722597713 0.8407883139970316
-1.6634319748549904 1.4387748178472504 1.9824311907626517
-2.2049333277792638 1.2998521601251514 0.999460040908107
-2.133184804093808 1.660482390583787 0.48257986639096384
-0.6542090995886363 0.5975994341955084 0.20942218976439053
0.7852374436792102 -0.424041306895644 1.6608584855272128
-0.06163953022169283 -0.577699104233954 1.1073857833113006
0.2941482488684492 -1.9756083275027534 -0.513563026773757
-0.7164284072092683 0.0189209111826647 -0.07202159170159339
-0.39217662362769007 -1.0043179445808645 -0.20372394945235933
-0.3600870374028512 -0.444643672503031 0.42248676756836134
-0.309808228170614 1.3942515724749316 0.1372057901329888
0.6936967003837493 1.4007364350123863 2.182192133263321
2.7683577028793405 1.2949305486888845 2.601030512682776
0.7147134855757693 1.5353084199863853 1.2303144932008436
-0.9037990726918319 1.5925969781910316 0.36036795462682814
1.037922174391305 0.647355571991918 -0.8802583849694899
-0.18684132255659391 -0.7432416922316992 0.5636655844070344
0.22260116256635942 -0.18282379723695025 -0.6612118034475905
-1.2341419495816872 0.030556882163164448 -1.8558295535439557
-1.366564477238817 -0.045601880178309045 -0.9443297221751914
-0.3288050398386182 -0.39138109934548404 -0.4335209539865507
-0.5941882523005009 -0.04097683597772572 1.6706550905892752
-0.30738408528277195 -1.0085415043045587 0.5599966268452485
-1.341200419348422 -1.4069205041311441 -1.5163174625025282
-0.26179805781352605 -0.179666328981131 -2.0450296017709433
0.20963752020891202 -1.3603104585839658 0.6125471754217644
-0.08141647648723604 -1.7887345528041285 0.30537247735335526
0.28227475324132445 -0.06684309767499874 0.6305259156543863
-0.30003418593603565 0.3054163812788017 0.29865931552821323
1.8117766640330017 -0.5626217269294904 0.017859385939680172
1.9573441327639372 -0.6666314328430452 -0.8088071184675205
0.08613574324647066 -1.1274651259387756 -1.0987460695107965
-0.053901895025380564 -0.8728380568050274 -1.4123878920095259
-0.5225699875747152 -2.4144614229917654 -1.3841403301482722
-4.199865213417224 -2.2295013551161147 -2.4435475499409915
-3.905079769801784 -0.6956813095834449 -3.514345460793303
-2.95868701864774 0.29963398266311536 -2.495687567845724
-2.327909542891244 0.08091141034384078 0.2350096150096972
0.28687014755634244 -0.2651888188192114 -0.8116695735095236
1.7586364146967317 -0.24516495736317157 0.5325029729732025
2.2734795117606987 -1.4049149656772262 2.6364718789763346
1.676789827971024 0.4347728029437369 0.9722567045788137
0.16422470183024318 0.960155829035934 -0.36529647678982924
0.5947979575259758 0.7585232165663479 0.6797661396582085
1.4754683004841953 0.25066762804972137 2.612395458830839
1.6227203323090302 0.2731865084343832 2.490113998510548
0.501297558385749 0.1735555608215582 1.2701888158163352
-0.9314457996342047 1.7357771319866913 1.0689452002669957
-0.48170663489729054 1.8376476744626575 0.6371107367139053
-1.1852992744071742 2.5347389730035017 1.476732527669662
-0.5329160122067503 2.9876137611744102 3.265922051409656
-0.3558447859927987 0.9372767233033521 3.5822653485000413
-0.5899931536575439 -0.1251483122954905 4.190824902674954
-1.3977522059565417 -0.61500392035594 1.0317538415188496
0.6903514223483189 -0.42303207434920875 0.8017824679095389
0.5289920953299431 0.7066317035952179 0.061079220170042525
0.45552502735044037 -0.9911845416454641 1.5932612878513288
-0.05632660574056238 0.9409919490210289 0.10274767123726541
-0.8717107125646684 -0.19485128681158959 1.313281124170298
0.7500124122423799 0.9481549748477498 2.1289460437121264
2.502553581748798 -0.6031067856988178 1.1834305534574483
2.0051317019011003 0.007763027607876227 -1.0930222049214888
2.1979107351267877 0.674529427024637 -1.7687021773106646
1.277367723861552 3.0012075288920927 -0.4770722128621799
1.6441400134923672 1.0323412295991785 1.68958611233159
2.091772855820298 0.7463838548607666 1.1277116541668666
2.2468250249886377 -0.608040928629658 1.1452552850667397
-0.5487493081357506 -0.3413101914428171 0.8020298913416816
-1.2236910498966749 1.5526398419116703 2.14472864941942
-1.3908073706908022 1.986980251127779 1.4075656475342877
-0.05375468796645885 0.13763278242711308 3.184279259732691
0.1953661559794726 -1.045326398375617 2.0855078472434316
1.4225019028548893 -2.9088293565925265 0.4047422374945645
0.42092789731374614 -2.2119005279744948 -2.241133423560055
-1.62489065307469 -1.0377047657106493 -2.0183829642461837
-2.5642351035548563 -0.47598753943159117 -1.0519035194988176
-2.1917374184878433 0.47929909953312455 0.13094710023104295
-2.305204283240544 -1.1029784647624652 -1.0316785683118075
-2.349596333958885 -1.1882397484456606 -0.5217545847287174
-2.6476321260793334 0.05854635505865602 -2.1032630392520852
-1.1713679414661038 1.5598601334060784 0.7269045968744297
0.29380575935205944 -0.5047330114185749 1.8497311728824573
-0.08396101565219803 -0.6985808635660185 0.39102740930025554
0.5640640777815098 0.053552691165965616 -0.3057812384807471
-0.7144182696382722 0.5027430125094825 0.26132538017580825
1.14208854778955 -1.4417205886858366 0.8085481629229552
0.22637413976256046 -0.6585642772661557 0.997576932863824
0.4342167218376518 0.4511724301604482 2.20791640667184
-0.41262016061733053 -1.0988881564869297 2.1392798776906723
-1.152442873720051 0.14881957952507452 0.8202356054274074
-1.2445226805124303 -0.4584743547870734 -1.1435231116288074
-1.4155277333845224 -0.34283240321408187 0.21620656384192005
-0.2801479314790628 0.8011368570825114 -0.10967343575980806
-0.08924169604273988 -0.6859684003505384 0.3129504247679324
0.894003633878767 0.2763038074609674 -0.19622804519099749
0.6084668674864998 0.27346947314056813 0.6504269258598899
1.0273918868506824 -0.4803399432319626 0.49683403775665536
1.9293203472192442 -1.3990483289952462 1.9742984686949627
0.1618717289787337 -0.8750417868200981 -0.27507941488770904
1.3573900359011823 -0.31517622827069647 -1.8978561339760716
1.2051262642698166 0.49123616381681723 -1.6106608508422933
1.4401150438269985 1.129755567863596 -1.2835899450235049
2.4557198777171996 0.8503662328333175 0.05981890256504238
1.062362564611183 1.802064577432736 -1.8425379372960518
0.47695271740504686 2.3867567510487104 0.8235036228007019
2.0906101220056055 2.013947660362429 1.5249343919422826
2.355352908593853 1.4719337810759023 2.9620560908997913
0.5021099863818723 -0.014635418528892163 4.0480421785041285
2.7898025458395472 1.5193303106598826 2.25373040622821
2.682564131754147 0.9428965602303769 2.552691107865948
1.336691926328959 -0.24127025496090848 2.1267853844716265
0.921009718583913 1.6263532855773104 0.9925323429946258
1.5125423484947982 0.8495067588579157 -0.28100983253310075
1.8094679256339723 0.19273004806161143 -0.6276785272109383
2.5869410352788313 2.6836945831247094 -0.8865099509949015
1.9288656221719722 1.0023677504386606 2.9028863831594047
0.31284961109921317 0.12062339895965735 2.195020176917426
0.26428219075027154 -1.4729101763493222 1.4812541572408784
-1.456157398811012 -1.7397548297378167 -0.3559174134021785
-1.7335479247546184 0.9499829607908057 -1.543218586111295
0.6848115349670918 1.275182541238471 -0.5630657809452465
0.9613433934598319 1.3421372123797988 1.7233221581789204
3.1685614010019663 0.6449897336136019 1.103501108774486
2.6597899647476257 0.29542408507274714 0.1876817734362961
2.8222586421295803 0.7205987224467174 1.2776664534527344
1.5763632827464107 -0.5388318837927641 2.974293243483995
0.12013299929419208 -2.505699006631371 0.6143783094180112
-1.3095777989832147 -1.1035472224044223 0.5961326781215286
-0.438005628448925 -0.8270488425428456 1.3806132584906534
1.6374321408191557 -0.8376187891033039 -0.24833224491358558
0.9916643084716825 -0.3763557984342255 0.5635772965157191
1.2434757086751969 0.5741754108010241 -1.5076280400219564
1.412843184454163 -0.15459022896802094 -0.9893971166173727
2.3188832124938052 0.8234447355452807 -1.2040098353913191
2.3137637976504712 -1.7579143107699946 1.5804432583907182
1.6763849070998218 -0.5573360171458657 0.12500556888015066
-0.13594157045395727 -1.2500810800281132 0.5091317332889704
-1.6688102646608254 -0.4508708200874582 -0.7377762280343394
-3.302359348139654 1.1718406737985219 -0.20038361128529936
-0.4050986052508627 -0.3265340564799081 1.4683991300973063
-0.1006398807582608 0.09765617639497154 1.0272212591388468
-0.38585211797157215 0.5466241970462875 1.6755512539277313
1.2819234606795697 0.7820356383247371 2.3764718980747133
0.9774757923906859 -0.3525112185464038 0.6747706371736389
0.21387681808536696 0.32018265508076377 0.791051336430149
-0.5010987788642305 0.5840599846030184 1.8283198955815259
-0.21356304220126884 1.610177136888418 1.3463380550162043
0.7865586844076631 1.3590896213320276 2.561003241889496
-0.12261726885524593 -0.8855092227035032 2.770020869656929
-0.667080193786648 0.8243564721899722 2.376466602255906
1.471114714999375 0.8570741999200963 1.5177677237571772
0.3359965701612333 0.1153151338011279 1.3685448257297912
1.2300499417832444 1.0127789163551464 0.5017909211473552
0.5137784375633982 2.227056532720101 2.465174957459209
0.08191054181626456 2.778740262217153 2.6238129751775685
0.32401897000431035 2.0795193896610114 2.429184049486909
-0.4184546574390611 0.9424698005432802 3.816696511744859
-1.2511423384592875 0.45866676584102745 2.329823715985976
0.24744825481978416 -1.6074742511270577 1.2481354065815593
-2.321582715004531 -0.5347787503687177 -1.2552956517228684
-2.0695650151042044 -0.9594204607116759 -1.4856282812199484
-1.2466323988011965 -2.192573863736796 -3.5822952221379984
-3.4359761800933897 -1.7912231954246407 -1.8860813335205167
-1.5112106342400107 0.2900189683962302 -0.17081986398895554
-0.510483083854137 0.2923361427323169 0.6709603969039647
-1.9926040311602042 -0.6731254014230519 0.014007627406533663
-0.6839625731348834 -1.0138149849364293 -1.2137558500651848
-0.7755063202629523 -1.1120895880670782 -2.5289120679028168
-1.5253370099140542 -1.5908310512527597 -1.6943494279505844
-2.033877875687809 0.030422105524127607 -1.3636125562081305
-1.1366441127196916 -0.22238079782408202 -1.4998858444651417
-0.16150078613839092 -0.05121377171007589 -0.5856060381059229
2.8969960771745424 1.0972795238081012 -1.0302373676854368
3.112585404001262 0.7692326479818834 0.16480098611362282
2.2398719915433207 -0.3152365786342731 0.8499768614240116
-0.5271102556167087 0.03743310858922844 0.6939033391917762
-2.011920294496335 -1.6418060179063798 0.0012587344530326505
-1.7176146153399166 -1.4777900869510872 0.7404967549520611
-3.6477618151924833 0.23107320413968535 -1.2732711200124331
-4.124874628592001 -1.4360448214308188 -0.4936675877410131
-3.6612130093990864 -1.3424070283964484 -0.08226759247529536
-3.5539717132020723 -1.9792041460903882 1.8229853525595208
-4.715621139443287 -1.6895453111302354 -1.3037360932714326
-3.275992361922296 -0.37293331673394425 -1.3649285956508546
-0.7554311093342514 -0.4719096914160861 0.9964581803321342
-0.708079831426176 -1.1941476762623426 -0.32095882360421213
-1.2230905829650502 -0.6746948622885325 -0.9578178207116232
-1.4805311710530615 -1.2176771672035587 0.04935556828820453
-1.4828718640607115 -1.6409740261026813 -0.33268536745915894
-0.4900404032865652 -0.74930712041025 0.21973179450297653
-0.07223022249279437 -0.21379510150986822 -2.6320254172326614
0.07340359851584458 -1.640170347710626 -1.377062009636844
-1.675002209840305 -0.5487712330254033 -0.5876677143316753
1.6037098858072227 -0.21690862759007806 -0.12647485022719585
1.196680765907998 -0.7267384344616798 0.47606513469735967
0.41379325990351523 1.9417996663787023 0.5555585859680553
0.6011723756355604 0.8858705390987331 2.7149931173572437
1.5394182974219581 0.5811109517014399 2.7729009148670705
2.4642057389184417 -0.4581298046833259 0.22640255018928612
0.7597950250330474 -1.8182851135524063 0.10584701314116099
-2.2914947224747397 -0.727775675355083 -1.1836105045702534
-2.5894982938853444 -1.6849892680833731 -0.37236165756978545
-0.4993878212622185 -1.5933138996441802 -2.0038699396611563
-0.9391936392104436 -2.011088384397169 -0.06786115331243625
-2.08687644274073 -2.4544804019657915 0.8972630545355025
-2.37173284260486 0.6779869907588543 -1.4084100864159297
-1.3390649716086753 0.8899584247094636 -0.7244067696307903
-0.09777205952224272 0.002579491758848196 0.528423629577387
0.12222862877173865 -1.2824844500438695 0.6701972003797156
-1.5373000080923656 -0.24728209853559335 0.9749444587755173
-3.2192372772316085 -1.0293060530727949 -1.0072477030645626
-0.8840710888155467 -0.6501877593989008 -1.450728635674222
1.1673314443992255 -1.0587843724862647 -1.40869672001848
2.813507525505096 0.6150964530186535 -1.9409210281690927
2.021631898286032 -0.28760055558298975 2.0197441930246542
1.0862593459762733 0.26805516147724173 0.8772485703375963
1.328925632743239 0.5728839253850401 0.43587669149688146
1.1966418099548868 0.12782009572580544 2.199192088450311
1.3214569969175032 0.029656194203920162 0.23208514236890587
1.7520399858914277 -0.7990611722592416 -0.27865818512181556
0.9729992954348765 0.06470583690570031 -1.5403449587754507
0.529745945986378 0.6167669144750765 -0.7190143548010365
1.3048613485566332 1.8577974513867317 0.17673476432570845
0.3024038487358589 2.391170924967747 -0.32691488593295515
1.3073349706014719 2.131423345720631 0.7796660256451519
2.365001188242177 0.23169513512340467 0.9755392583684197
1.6418128144116082 2.6515473521307373 0.4026723888492034
2.374157206191736 1.3985876566093025 -0.42996392477364775
3.040412991800351 0.9977432266410504 1.1902204562590963
0.9323268538014984 1.8637553369612614 -0.3617381772873036
0.1387728026146744 -1.239105314660275 -0.06866412978673953
-1.7953322062429398 1.6152627748095312 -1.826719320413896
0.9927206722559667 0.1763523505443838 0.6721990952596965
-0.5202108006407261 0.040625027433921046 0.8253738795849317
-1.1184628659592355 0.29771631019863837 2.9553042600290063
-0.38092276613158965 -1.5284289775455624 2.5762856902699505
-0.3182760185900139 -1.152161191169404 -0.09764876365390496
-0.7477436726102575 -0.8141366504130856 -0.28728297366966876
-0.25516502363370624 1.2796022668086322 -0.23741914112383394
0.4737382069794569 1.0919310259616264 1.4603912627148168
0.18451549461088335 0.9558994975948703 -0.12536205858191019
0.7212692721509071 -0.1927024337235198 -0.15919992684944928
-0.6634606320264567 -0.05207486314825982 0.051982325376491195
-1.1948862643313642 0.44575534766800345 1.4692583506037413
-0.5733234808335218 1.4219692490248417 -0.5425869701672862
0.04045798877606708 -0.7091709032842165 -0.590949223999095
0.05040727206996043 -0.945264729415251 -0.6946366679792458
0.09829192475844506 0.24293532577426757 -1.022214230302167
0.5238165171354755 1.3001809459037248 1.0283681135819425
1.7942228902771438 3.3567254838064273 1.685285539989564
0.9052891015375928 -0.2580187772733149 1.8020854397703572
1.9806536994273292 -1.1171705749978975 0.7324227627951145
1.5353866551208242 0.018216810012281037 0.3872225893844211
2.035255457324329 0.33321875071239787 -0.45823885336732123
0.48322203180993417 -0.6610585101604574 0.7469636068806133
-0.029098845924133226 -0.9732131060660608 0.5441024735205842
-0.550246791809036 1.313605463757404 -0.42291769702237186
0.84070549418507 0.3328611251402807 0.8081575254092088
-1.034757648491191 1.5329014235481608 0.19855629680073977
0.6901053853527849 0.2865477619372563 0.9009501516902256
-0.5265407554647432 2.1600351972282197 0.5944948668728052
0.12344577551284613 1.7690176317230764 1.5428412500965984
1.2632925802006918 -0.07659496157137413 2.0292063206424023
0.22833585047107385 -0.6101983244252452 2.6742063829306613
-1.412091670579382 -0.5507020252999733 0.3601047639608965
-0.7615688444202693 -0.06463021878139141 -0.39916502567977635
0.11974004612944983 0.3067938551964559 1.153323849938545
0.6500995586582317 -0.43615019529463617 1.2534670102420602
0.3301284399083362 -0.02291940671591941 -0.9928311772610281
-1.03526132478028 0.18732936859891072 -1.6732635255159753
-0.7867102982181576 -0.11721846429444027 -0.6271922020126532
-0.0067542746073413484 -1.008846369376247 -0.37969641407614246
-1.2212835085255764 2.326379199899558 -1.6018651094026157
2.7139329765219786 0.5106316382758092 -0.35542940367943243
2.134982627757779 -0.6323727579044881 -0.3606211291662956
1.8872843213730333 -1.1205756532890299 -0.8820008547423391
2.856649320611223 -2.3927818518402635 -0.8241912924487318
1.1741486679261506 -3.000858723351252 -1.8726380499354023
0.011285911412235783 -1.8344687942555138 -1.3487689762479464
-1.3056370972998796 -1.289939311319532 -0.9178285096526172
-0.6565681206114837 -1.5559391582042588 0.3000498860878169
-0.40345037975149955 -1.6326849072861869 -2.0076961796758024
-1.5103866907928236 -0.26113010406988935 -2.307627197939943
-1.3963637092375083 -1.2078727817850323 -1.3042991480899095
-3.1639062382533307 -0.8302138378763333 -1.679282153794799
-3.307100655626166 0.970211345007393 -1.1777850080805286
-3.263394116570644 1.410220992569728 -1.9114484678514758
-1.7963341950702207 0.7038068389671256 -0.6511024329051511
-0.924886909748303 -1.583230003173632 1.012557380312365
-0.9404425067025183 -0.4109935856079109 0.024793168006985833
-1.3119149985310687 -0.9693245897186594 0.5131645104311066
2.1722936478769563 -1.0296072960619933 -0.6399301567709123
1.2427030415308384 -1.3944482156345819 -0.9511469449629101
-1.360940861023229 -1.8233284119458577 -0.7323643775796345
-0.12068696734502304 -2.7521095678078584 -2.1380443615128355
-1.0041748156847914 -0.45719501626070125 -2.9590768028856385
-1.162962592062578 -0.368216156441143 -2.815462433007678
-0.525310618861323 0.21897067101034656 0.45608792395612774
0.8130287721518505 -1.1299516156319074 2.643767991161294
-0.41962421140000233 -0.3465566291045131 1.6721065512248856
-0.15037531797877213 -1.6346291250542475 1.3277879331200415
0.5510524726249976 -0.26505288735747146 1.4190762392559733
-1.5909985237172597 -1.1884966168865296 0.9958410591380398
-1.2251371510800244 -2.991439498419076 0.7865880010897361
-1.8155926943736929 -1.703459397563154 -0.8193220735333681
-0.6947136569776464 0.3372147762502806 -1.1001963244084738
-1.016768755195292 -0.23048348178901854 -0.5010532045271454
-1.3033799079636907 -0.4745733066132332 -2.44345064200616
-0.39528138477433594 -0.01399194936626702 -1.0197474937777882
0.3892793860079422 0.7995857026918014 1.4341549437635552
1.9835040606097873 0.17900008107758525 0.987199820348945
-0.9516452209341448 -0.5200117400380586 -0.7093845257884367
-2.404652614308539 0.744587618341007 0.11328160810496113
-0.744754832487163 0.0969940725645062 0.06477655926323461
-2.5011539832011795 0.828958009637258 -1.4268047038670761
0.12070997442058684 -0.7096367988420753 0.6533622421032349
0.16273865089671263 -1.2269600019792641 -1.6384522265761983
-0.17375060729735486 -1.8997118691425452 -2.4510909642874568
0.8493514301647213 -1.629473822043774 -0.7612089463447018
-0.6392792228280717 -2.25601895589964 -1.0591896657286721
-0.5076961740063008 -1.947898198372925 -0.19637880851542522
-1.473456354145294 -0.1840022903176063 -0.5286646580142743
-0.27743045902047636 -0.6893602734204959 0.06978719355596197
-1.2150981750234373 -1.1135447838164196 1.6017042880066372
-1.6143398096459203 -0.3120811281026412 -0.040547071407934676
1.1124523902468524 -0.8407893395592894 0.9704667529705719
1.4339834369636915 0.12436093980822416 0.4851547778738314
1.328442472298758 0.5806710998049549 0.1164710674402874
0.9475114660199582 0.717898578571896 1.6208013485637838
0.15502905070220985 0.2679275942838108 2.2791075001637453
0.9023904402481122 0.47142956703303035 0.6389959365208834
0.6851849585884348 -1.1155587447312596 0.058628410005677145
-0.4878204315490698 -2.661555468827745 0.7354438798582229
-0.6712882718179548 -1.5655758675253955 0.4385219912696934
-0.9731201438658226 -0.8938810598828661 -1.0952643531769704
-2.8872170531806667 -0.4708251344471032 0.20395673447657192
-0.9162674204389006 -1.3217924352679096 1.0398833589526597
-0.33560466841027403 0.3513929713033216 -0.43437649709863174
-0.6518665653657576 -0.966075238827798 -0.6886904459804606
-0.1480441260756744 -1.0432543605823998 -1.4890155819125062
-0.3029944205864221 -1.0986746708791906 -1.4294324536951724
0.0012448788741882266 -1.593500158581504 -0.6576923089407299
-2.2788706171652198 -1.2705225824590745 -1.477312202806575
-3.0328064649950215 0.14826931555461775 -0.9479794422632493
-2.075297681702846 -0.7698043595600278 -1.0628966225200391
-0.6930563939556909 1.4751410086107035 -0.5686240791764594
2.119721154161694 0.9053480946048229 -0.2533124102728348
2.1359525673755924 0.2925390740600272 -0.24298521311759236
2.8230000756742637 -1.6929477265756727 -1.0566551277762848
1.7197516649566014 -2.142897977487773 -2.02013072011432
0.8495675438774741 -0.0307287842072399 -2.7112713172007306
1.1847161479318515 -0.17187088250183372 -0.38025595500869547
0.615322802160222 0.9055529399581808 -0.1981840523632052
0.15568916616940043 2.489339055348384 -0.1147715921672518
-0.5357389670813788 2.662817591694677 -0.7748344305245491
1.094560577334046 1.1876813460710476 0.2027603008323572
0.44898298514406976 0.02815773572679814 0.8585250883375612
0.8799909194561271 -0.33164530026920164 0.008655537452357642
0.13535605112466886 0.5204028069505426 0.6683863684842757
0.7294773646857493 -0.14327272248501566 0.8203220187038096
0.21241457131089592 -0.6154047146670952 1.9998585872049786
1.137769644797998 -0.6419201614389134 0.0966125885114747
-1.5844338104261602 -0.5514464478417648 0.31171831296268154
0.5341895767656664 0.16711697591952257 -1.596811292106092
2.3356235286418174 -0.3495985387285563 0.4210369065982249
2.045014099423348 -1.5179462021845476 -1.2618914412043043
-0.0811678188490752 1.5229315200200517 -1.4746391025828673
1.0256993472327112 1.492657394373235 -0.7626454794307411
0.1598391279313276 0.99123156504315 -0.2536266927328329
0.6843454197557938 0.01539138860990752 0.15632461749759538
1.3380955331146027 -1.028553371011214 1.9021750403089055
1.2809978961417654 0.36983441250322635 -0.5539007843924636
0.14777066605278755 -0.6240618253070241 0.4617337918814526
1.1872255539774794 0.4503314050651704 0.3832246725494379
-0.3927496271327662 0.19699559762679142 -1.1523756025873106
-0.9443525578875651 -2.0096514381738193 -0.9510605245172882
-0.25581591531239734 -0.5207900457533511 -2.9991215454536357
-1.333841610331982 -1.1300120669217593 -1.5822761406931434
-0.4149570374028895 0.6688336211600795 -0.2773782537009024
0.20679606709828713 -0.008243470672489095 0.8824241955764425
0.7895457771772134 -1.4706096255978016 1.3182956269743207
-1.802080954048005 -3.1701273050821666 0.7610187996308102
-0.8724606725012696 -2.245400681220662 -2.078863444894556
-1.7115979308672578 -2.232738424398839 -3.122313563457746
-0.8594460070464784 -0.053982024530996986 -3.321792633837913
-0.5402576944312052 -2.1429854596609927 -2.518188198042812
0.06097913562961921 -0.6622927877326023 -2.017577799551998
1.3120210896855824 -0.8718351730399239 -2.4368481027316413
1.0403024887571974 0.8292433732785173 -1.1073568670611398
0.3493037882066081 -0.6260598779118121 0.8643930210762933
-1.6342672328783436 0.16753114864261176 0.28657876906684043
-1.201634381299678 0.23864878682666713 -0.5677097794998813
-0.5275473259126658 1.6017517976514843 0.0254892399029987
0.9173064127372649 -0.14811485936865942 0.9515840219433078
1.505273360333096 0.43028353580597806 0.6409945207320364
1.3459086941205667 -1.0295566682290078 0.6304049885058954
1.9455300589647355 -2.260841343012833 1.2380526739358542
-0.16805972682313763 -3.2319086796187704 -0.9043796231350634
-0.008416344098523876 -1.8099812018941805 -1.9444658862139266
-0.7561932894217678 -3.345434197540287 -1.8203926400363288
0.48202953248788916 -1.8731823408826926 -4.402748146655811
0.17409154419498607 -1.8421889380865017 -1.5358318927302057
-0.8483419334784326 -1.1270676331526086 -2.5749725811262034
-0.7246207077334509 -0.444873829984084 -3.8994205365851133
-0.3254516116255281 1.116059237878214 -2.842603246121012
-0.16329822692852916 1.1165220013484465 -0.536849606043547
-0.4471769732276856 1.1087803466710169 1.2919614641607122
-0.17909845962359283 -0.3088425895807265 2.3425807779431653
-0.15514713962540347 0.6064158223331487 0.9685562424263487
-0.5686711123824789 1.6808978757789177 1.1686040478904782
0.2597954828609439 -0.6528969749632092 1.649782230148502
0.4169758423733114 -1.4405449080856405 0.7183203876913766
-0.8346542756474504 1.3372579769869586 -1.6862696649366042
0.5414107273772633 1.2534634112738567 0.32796479976826554
2.0674479883989516 0.9864457936306283 2.2684705120333932
2.154070684736699 0.10460846280948871 3.8372522952502237
0.4413613038573857 1.1250290145072437 2.3603849730188573
0.027434037146184198 1.7053440094942403 1.4765994688385484
-0.1496435351191595 -0.14021959550885876 1.545813976182812
0.9627383705914732 -0.30992296655233925 0.2505799215214009
0.5494849732089695 1.13432684181942 0.6697569935474155
-0.1926976427700361 0.5572302351823761 2.557016279844066
0.20101689276494636 1.710276765212944 0.4898755725750399
0.6028087987029187 -0.23397466866662064 1.6678875679714804
-1.0703306034206106 -0.7287661386679496 -1.0924332075577152
0.5678860155644379 -0.4770235942551571 -0.0451679809029073
0.7322789183782294 -1.7741746082183607 -2.0051950217389334
1.0605533752591594 0.20877147108289384 -1.9804496127769273
1.6685997353720938 -1.07764637613854 -0.010976039463529208
2.6413153029278265 -1.8189179579379138 -0.5446319864554722
1.3918019379456144 -1.55329207102154 -1.3458714342126528
0.18119420717189932 -1.3866549662153258 -1.1699383111767807
0.11043613606441072 -1.9404817559561676 -1.097926712184699
1.0249775389133866 1.2509013974395062 -1.5785071346173363
1.668875091676376 0.6034285473184364 -1.0023669789081455
0.6006143403273034 -1.11530653559051 -0.6718890805940281
1.0959059821512371 -1.2206503891381995 -1.705275117945939
0.6600774579416473 -0.924132070316299 1.703070413287711
-0.26701034972127247 -0.8635475281290881 0.8289510976718897
-0.0787507097661766 -0.340937716778138 -0.6706089334803571
0.24017968269682827 0.7166648164288408 -0.9744270123718354
-0.2628598269692054 1.8963815441189626 1.4981125899205985
0.12959102378888898 0.46012013934657336 0.6320542890332597
0.42627659449453714 -0.8060847085893124 -0.12316107292606959
0.9971930909015994 0.5596266156303735 -0.679744543643516
1.6487990755085158 0.11616312396643522 -1.5458309287404324
2.2684683402681216 -0.21901392680862075 -2.113412727214625
1.1801662134942255 -0.6702104314904139 -1.261615572675987
-0.2493610382072139 -0.3044393358302292 -1.248590889744599
0.23936259642408397 -0.027861767378148355 -1.7275536235203965
0.31361368778116494 0.8136328325813376 -1.2139529632965707
-0.47095150983139583 1.2251769894457045 0.6885377570043293
1.3983556749317276 1.09877385096142 0.3803486070195504
1.9473910025728292 2.1640181328670898 0.054501120652081014
2.6601029463236143 1.880552339585721 2.081601796805572
3.1821108072232294 0.7847915602565929 1.7774671170938274
-0.24699434815966193 1.6605749016765055 -0.6450746380408023
1.316860346151224 0.48785322344392923 1.2099739678765664
-1.163124075155399 -0.10165287844178644 0.12853404970575266
0.18398281107616232 -1.0656656901350579 0.0871749038027152
-0.13109138190905167 -0.5007939221620764 0.5987257386895506
-0.20001942519686394 -0.2324142403367393 2.170993120488543
-0.18215992488239977 0.8876489085759721 1.35273220331413
0.4610378136976009 0.5835546320624735 1.4716850171482574
1.2682017905572385 1.5364336527611169 1.7137851332383218
-0.09793000229998339 2.7972125614781924 -0.07689987780270457
1.0494952662443238 2.058799560557637 0.8766055438275651
2.958840792885375 1.4381390374885428 2.0113491269019423
1.9810344896338743 1.0593265946928727 -0.017255753372146465
3.2147237973115814 1.4912327176825324 -0.296144318454846
1.176862187345434 2.6029854121799367 -0.2872492596822833
3.6098803535042427 0.6520554503062507 1.0081521210896585
2.6343583195347846 -0.7194748822979142 0.23945850434842442
0.7191114568007325 -0.11157514221238035 0.41288423861522344
0.9462600292520528 0.49401557596996165 -0.4344349280152774
-0.5163840457778451 0.11283274446855046 1.407018777668233
-0.0038117284276256713 -1.8390441777475688 -2.1694923560398447
-1.0316153634273624 0.21485563884947867 -3.0348961337418663
-0.7312120245469625 -1.3989999796848134 -1.0777453328976687
-1.6288699739063803 -1.3043404251284274 -2.431395571557187
-0.5103572128825032 -2.472227020956826 -2.463477931752773
0.446114222137713 -2.019432458718839 -3.661466743435029
-2.205435026488741 -0.085854812702439 -3.1588396005234816
-3.261921107199373 0.88106444504002 -0.24557041447997774
-1.3796034860021904 0.8453677706458287 0.9777015564202249
0.49254066082964965 1.3967053736953294 2.237434936926601
-0.05360219354675477 2.058862831897334 2.545033461204919
0.05607850383675195 2.158784435631292 2.142679696690003
1.1007450837129675 0.7718454371548716 1.9825118936831911
0.42845050181702127 -0.362480578970097 1.8727530596523245
-0.1208964716174322 -0.2507186146806911 1.3749036707422306
0.7379989514792747 -1.1504139337354387 1.461446868120446
1.1758681780486158 -0.7127854061196559 0.7054379555030011
0.38351393664979594 -1.2951387423454652 -0.23868833467196415
-0.09511918820576028 -2.0377979402270716 -0.6955443475960805
-0.9058641922719157 -0.9545629583626654 -2.243903669813847
-0.3715644060887535 -0.4544554291886121 0.2929633217912784
-1.7075608368989426 0.06640968773810002 -1.2584686157451792
-0.18632177411338335 -0.17979905834348187 -0.7009135023649298
1.1931572502748167 0.6002861020663787 -0.04182587519915687
1.2985821165526328 -0.08549224076514161 1.1165757509767495
2.451127268264675 0.8245955193306143 0.10319833429498015
1.3669472141016228 -1.3259376870797843 0.7329662991533437
0.6796385812327652 -0.0872742567417173 -1.3316435247320402
0.28655671704790525 -0.8346189481633695 0.776497454920252
-1.841489884945244 -2.9772525312553197 -1.7688441009869
-3.727868581431503 -2.7095915769977825 -4.714596996567213
-4.125690803768011 -3.184504321013419 -3.946099236308502
-1.207880924181969 -1.8667720840831068 -3.1347629112066815
-2.0058647756118755 -1.0514035042817524 -0.8905874662229738
-1.768226905456009 0.7402836190995404 0.18283372494654404
0.6059630034214518 1.5144887722274887 1.4570732905256165
0.37922727610153695 3.0978995469136263 2.872674832789333
2.402914013503275 0.9319005165183892 4.734138745586868
3.056914906148974 1.9573145255920952 2.4401046621737796
2.24133302027716 0.4429404308628574 1.398004425595488
1.2806527356379538 3.063375172059233 0.8805149352834672
2.0901873424832664 1.8571346512582296 1.2243150095798803
1.9254620881106665 0.7413651822605591 2.1375762455867333
1.2825199244889265 -0.9863722674536533 1.5677739633264218
-0.004472951035931372 -1.5696587230733643 0.42999170681721544
-1.0405526461126047 1.1685402174954909 -0.48047489069905913
1.3034999466147448 -0.8064170483501362 1.8639576504751267
0.9653073739056264 -2.3277160237306935 1.5111961088505401
-1.0937582407953959 -1.8674048803922103 -0.9165164735106772
0.794124446028587 -0.32231582221904154 -2.4435630634239622
-0.9571224307529439 -0.3348689558326996 -1.4226687627368213
-1.6439057015674554 0.04548069727765855 0.22459081145596294
0.03756561978929607 0.607480127512102 0.5913242781137096
0.9707097395140044 -0.0024491514523520275 -0.4770224611964038
1.1144798299867813 0.35930438691278993 -1.7998822237723036
1.7087146183220252 0.17779982574465797 -1.6086657668773117
0.7414418017789197 0.8537072438891427 -1.2569654806220187
1.0609374356582204 -2.304403632729819 -1.6266498183863294
-1.1966048272763836 -0.7460471047165739 -1.7313174330920895
-1.350627923680271 -0.4868762845126484 -0.7056688458896709
-1.9375948522487991 0.9921997448236104 -2.5198086281983483
-1.6073101872070157 0.3243159252447448 -0.17236291372167045
-1.891263283021234 1.8609320490219092 0.17255854445251362
-1.050060267513905 1.2545898068596106 0.5860785611210846
-0.3675534608212522 1.296977092436662 2.0061891292025846
-0.734105472119531 -0.6450512533425468 1.5193273789799537
-1.002103456120273 -1.2516941540126418 0.9903868804495942
-1.5562115096030051 -1.252945621814874 0.3834160803114978
-2.8690562676695466 -1.4950820303937584 0.005604309578610578
-0.32372699551814077 -1.2691198698580135 0.10216608179627207
-1.0210720528554058 -0.6134739224780329 -0.04955132335251744
0.3457118068383107 0.7735473390692122 -2.6698968771777096
1.5893437093304084 0.4681911457437911 -1.215466320585453
0.797050809415062 0.10640898730920084 0.49383135080722573
1.1335692055713873 -0.7444237984010156 -1.3679940780674986
0.2944196638879471 -0.6363522932925461 -0.7314231896713841
-0.41507321907378536 0.8280809016292331 -2.1209977331726133
-0.11143993899151913 1.085617791180911 -2.2110451946721197
2.099954668823556 -0.3112240640670768 -0.7879769139083121
1.2819497287050652 -1.6123989065044604 1.4330845667526573
0.7687176493088665 -2.142609500926524 -1.6698228126185004
-0.20909699229873926 -1.4401278384638005 0.21975818625475996
-2.599037742867222 -0.7054012736129923 1.3790700587782783
-1.3441496260526833 -1.2821497498227847 1.3463057660093638
0.14015283823140212 -0.46195607474689343 -1.4702595409276151
-0.06053023061318601 2.5820992020052502 -1.7109081031936348
0.16197895327080214 1.4493519733748967 1.5055185222743408
0.5649447447312602 0.8894259204705657 0.49289074898749186
1.2517164645262933 -1.6234066291829188 -2.5704499352871455
1.1327039723451802 -2.890159100116983 -3.074007510750621
2.0945803962323275 -1.799836866529842 -4.8726744184893125
-0.23484371184746078 -0.32468658651631543 -2.0386642365252765
-1.8610170673123227 -1.0683954971163043 -0.5603696868131907
-1.909632639705996 -0.814326401347589 -1.3173117130121916
-0.4425770738156768 1.6350590536348755 -0.7604673830694636
1.7243101180127245 0.23753188006657777 1.0516701770953032
-0.7599875471193493 -1.3726569069315544 -0.02853635015778233
-0.9034670709465116 0.5179045572201774 -1.2043499850932429
-0.6480745493601716 -0.3424076863479789 -0.47161163557945507
0.3307059057164363 -0.6413313184796023 -4.096768272458479
-0.005139525192312654 0.6759327861122401 -2.2131137666759786
1.1032907390726603 0.6956533453122654 -0.15509906389239614
0.5459276373750193 1.0352381247334277 -0.3998171194109316
0.6787819609441005 1.3473361394861918 -0.6235417510053153
0.7214799550306173 1.016446600674581 0.2704879743596874
0.9895625193862713 0.5257303087729487 -1.4388576768374841
0.13026933448126887 -0.8986817159825969 0.35577101279018847
-1.2879915427700852 -2.1627397424721244 0.6618559126945059
-1.5247872534162012 -0.8242613443074228 -0.8030113293204467
-1.7896475218433907 -1.3205947558177002 -1.9960573461915732
-1.56038707656216 -2.197548403589224 -2.04556525812998
-1.5407746210165199 -1.9846110532055672 -1.898745188955726
-0.2704214406790284 -1.2797823848236554 -2.240677741203618
0.9154768072309627 -0.7072245922012609 -2.627763793835826
0.3903251909713731 -0.5200565428067412 -1.946208424562534
0.3822953538178915 0.8723005195637565 -1.2595734552417197
1.0498312187233272 -1.1795772443436312 0.2645685240946581
-0.8609943796858379 -0.8733616602893722 0.6356591847115101
-0.4116303415244061 -0.16982027186488413 0.043489587295847176
-0.5411003211376314 -0.043549398560703695 1.8863783277007753
-0.1869022761546635 -1.5410668129059202 -0.04740397965573906
-2.1628333032439335 -0.49886215530873285 -0.09841669042419177
-0.981335715125552 0.20109208100384912 1.022812076010565
-0.904837462253453 2.280252500864297 0.08882678031752766
1.1356386747678853 1.3427171054317202 0.34605471374859875
-0.513154206967763 1.1136013139277503 -0.4234040008868233
0.5541425356991445 0.37769504479204624 -0.392369128089106
-0.3840604329816374 0.25311681433988525 -0.7359576468042982
-0.5677576295485413 -0.03275312747447792 0.30295153075759385
-0.95845606921375 0.1132652290834944 -0.5402405300444654
-1.1912039838014858 -2.1736764398277435 0.12111730429344111
0.8649024369514433 -0.8839778702782141 -0.5736006540564271
1.1306968510225355 1.2858078000822144 -1.753045511390142
-0.451202050847324 0.16138465660351275 0.2544079832033143
0.36148203013106517 0.0721199906510647 -0.28392056091801954
-0.13424916390729116 0.8307118255082354 1.68818835400453
-0.03727151208994156 1.5300212936445816 -1.2224900873164992
-0.0507970030331758 -1.4171510395371494 0.4947385548084527
-0.9217835048458116 -1.3194788512542226 -0.8887549562519996
-0.35053596428274303 1.465964209206449 -0.38244450618359616
0.3400035929027959 -0.774973279844218 0.17752667388809984
-0.5764145334891185 0.30487536722769853 -0.6783315150406045
0.3740344983048388 0.6557564412554273 0.7976166277126554
0.10658012530660887 1.0150131572506056 0.99563582911006
0.21960054106749627 1.131463155823367 0.7101246035918805
0.539076346187757 -1.067748074723542 1.3674749633183405
-0.23264322851253746 -0.6905091614301492 2.1411954837132905
-1.4780682262465907 -0.49592164776719694 0.6057420780247612
-0.9737331557003691 0.5856069456289847 -0.5130894909989119
1.334041655039874 1.2980632244018016 1.4074400078623293
-0.3253507163421545 0.07461861055025776 1.4649724990130801
0.4433870706059011 2.024658420900799 -0.3952468743580041
1.6992174720880509 -0.23676456949608693 -0.43374814784500226
1.8243337468392276 -1.4043961555385112 0.21842401100943976
2.5309964894942754 -1.3122152064042774 -0.7650111333852117
-0.9910127596941583 -2.451660203185884 -1.2424711354937843
-0.23908798671343545 -2.240493370466028 -1.8243545788106874
-0.8591957790682888 -2.3188719147902166 -2.5557605425126093
-1.0488272118948274 -1.1684830496093328 -1.626380941888974
-1.2120410341029768 -1.8273073217415747 -0.11455902998112077
-1.8741331153861087 -1.5633957044817837 -0.22222257098718223
-1.84023427695832 0.5595805155666191 -1.7394702633133254
-0.1834801494165762 0.7635483474757699 -0.4443735733140729
0.5004413542508677 0.5291100997960636 0.44229183312646875
0.44231024020930493 -0.8296349071839704 1.715978867882303
0.8189615081748024 0.464716592569309 0.8090225388476834
-1.3889379666267216 1.499196290582975 0.08852200872179139
1.006793744066189 1.3052719373943262 0.051774271545595885
1.848069981383866 0.35332996908740066 2.2447394243046856
0.6954833281996277 -0.8765474078555644 0.545116318373995
-0.12846759215957892 -0.7728898483607488 -3.13147062847933
2.5358201208753126 -1.4846777267948164 -3.441417132401581
3.359220436983068 -0.6807722708450807 -3.558870851254416
3.018001185562836 -0.9698660651097819 -1.3213554624720745
1.4926903387081996 -0.24544904595907757 -0.9601719178391831
0.8925723815708164 -0.3105629218178887 -1.0433222210119073
2.7256336418501763 0.1966665441946069 0.6467210988748204
2.0288515755659566 0.3151514616222849 -1.4106730394257925
1.1423440613654763 0.5257685529069883 -1.047216593565863
2.026541752008738 0.3292555618375982 -1.163649392757898
1.1474994768787774 -1.6440856469249296 -1.3385722528474138
-1.8909873141871847 -0.5599286924344742 -2.3656143789317943
-2.0320725497684498 -2.5332647535213306 -2.7142067509075627
-2.593439909968873 -1.4577396246522882 -3.2601038956601855
-1.5653675743798416 -0.6340952774434547 -2.044792449848356
-2.0923616699918877 -0.42401317485265666 -1.7058267218485836
-1.0136668044612214 -0.7383968697439428 -0.0712842699461479
-1.5486902738812776 -0.09100047957814467 -0.3265062066795397
-1.2633539913681173 2.0460292634509947 -0.7948492096587243
-1.9669581810448766 2.0405570338714805 0.5801881341911509
0.5486073492945267 2.2577396291870437 0.4857653969407295
0.48641337868936707 2.0154925977295814 -0.9542961917649075
0.0031680374452196514 2.8198161723309516 -0.23903635431420112
-0.41040612122353004 2.3993336724503695 -0.13830587361403834
2.5437836854621088 2.6463392207495415 1.9551403697771872
3.252063935248322 1.2876434045639669 1.5916133921393603
2.4314808568588226 0.4629634084591966 -1.3945957048927395
0.7601365214806395 0.9875766722311426 -0.5161090505314658
-0.23894574992047113 -1.1309886335388548 0.3594101501753159
-0.6766529287556561 0.12693848109052186 0.025886096639861744
-1.394140715184095 1.211471145019705 1.0051165679352265
0.5215166597859393 -0.16744538053109692 2.6008064232128296
0.11329756695033144 0.8223435971356963 1.2976343204173901
2.6483449602084677 0.13658240788458254 -0.5722275370246452
0.9970308827011233 0.9941182072803321 -0.1261596218741383
2.3147481894452993 1.9479398026755956 -0.1450215266677174
1.6456876928158737 1.5696273897480055 0.4488515074238348
2.769621919144909 2.256774794398444 1.0276161333456486
3.0110663033472855 2.738318657089946 0.013813402394550645
3.662306697862518 2.6437551484363224 2.561254142765252
2.618967036215608 1.9177638551188072 1.011908453852738
3.8266223004470943 1.4105418473900313 1.4928340477682638
2.352575821326364 1.6838956861047074 1.489842476366136
2.1258211173166743 2.070002441792128 1.8052762106073326
1.873488414914367 1.2859990228197755 1.7303580635475606
-0.26163798242682 0.23794019850236126 1.6603044736297161
0.40976361368857644 -0.5681212914467547 0.25610947719924704
-1.5913397952695 0.23631844157621346 -0.05133747536353729
-2.1332350316192525 -0.6705473108292055 1.2896781988006214
-1.3091381702883613 0.8072514530529868 0.8171444841761506
-1.6547061241873215 2.2964493504134436 2.062397636179563
0.6420925429446956 1.3479266838483568 1.0559938054826075
-1.1882322055180792 -1.0160766670084507 -0.6822969013738684
-2.158168470877767 0.47863982820538087 -1.0259331025476048
-0.0987626932156247 0.10732840166833443 0.8217399310805844
-1.5763306321336497 0.3924920799084338 0.014986858260905345
-1.5245591890476835 0.6426100222754014 0.9631948820148202
-0.14869426246078388 -1.6963825447914815 1.2234529997399874
-0.3241287283763305 -2.4257583355062975 -0.6302029915461167
-2.860953147610292 -1.3780522802585349 -3.16898114306275
-2.049484097739393 -2.4310702402104782 -3.0363762689275178
-1.7463459640894587 -0.8924229524155087 -1.3599023833070742
-1.9157546959771832 0.7002926019913048 -1.239876196123473
-0.8874363713106757 -1.336038283623103 2.3696993614721853
-0.7142053741462829 -2.413228318418963 -2.4032130837498435
-0.07719125475123634 -0.8849814130680159 -3.2913912109684222
-0.13711555572494902 -0.33276555556201115 -2.62218309281011
0.20543065679852687 -1.920792062668464 0.5769394213589565
-0.4464086921714015 -1.6590513583298017 2.937757920049479
-1.6084397593278061 -0.5386363980603159 1.1310171284999175
-0.7504715602890416 0.32909096303709595 1.1775894970876686
-0.802688655887529 -0.8486921076415443 0.2052976638946954
-0.9504734911788775 -0.728503407014256 1.140438533994271
-1.406516514545212 -1.2916258792618112 -0.14150875593267986
-0.7133770844893401 0.5655725436510184 -0.3646107634039667
-0.8208735164501839 -1.0566874357833074 -0.7524075291472974
0.21806533624343016 -0.38821063473562883 -1.3093987853703943
0.584881118121815 0.892619992659494 1.3321500931549537
-0.18616155339942309 1.1861724870905288 2.9640007663037387
0.22020185745363235 -0.8851155001544262 1.8029737233681673
-0.7023226505983442 -1.1421069238996686 1.700518884648356
0.05069349184511207 -0.449907456266156 -0.031198612747221244
-1.81193551077878 1.7660605365020772 0.6635744204362445
0.245929005383415 0.28818093261418554 0.5176969805842779
0.8894215319406136 -1.1485025995582197 -0.43450920779415625
-0.004719759663788764 -1.1628413374344913 -1.1575516074461363
0.022056287103688732 -2.4927261974357924 -0.4326179194048313
-0.39409843424184166 -1.488237314455854 -1.6308590349817216
-0.7373566614499759 -0.8779550250860616 -1.926782881324003
-1.2104958852136232 -0.7255910969926842 -2.543574894380963
-0.09807066908894091 0.6030457963604843 -1.7261195490519052
-0.039593259633748865 -0.46461925688230576 -0.2661567614976294
-0.9197095713220043 0.030452318318269445 -2.016200347117712
0.03752995417130689 -0.322126531576193 0.7549784015134906
-0.800320876700337 0.8312577157062593 -0.6614140381263804
0.041514329887081286 0.8711860021654967 0.15330711995628077
-0.726521276201372 0.3764918503142459 1.7540625745700171
-0.554607534049729 1.702753798334066 1.277420157767648
-1.8990071964234685 1.930860498545118 1.6321171728313177
-1.5324912254624738 -0.0811573716164169 2.5368146790637325
-0.11243461366244356 -0.8898203119979398 1.7105062211624302
-0.03069351699549433 0.21469965595124352 1.6850184290660237
0.40191850961893716 -1.3345740707245601 0.7329261117176928
-0.2335437478780732 -1.1019196276017311 0.2544249730870026
-0.2718714186431518 -0.9576505590999302 0.27684949103920037
0.05975975569507552 -0.6559229993451043 -0.9028907854286612
0.565168911879683 0.5199938107611054 -0.9551066461302156
0.08479896081900079 -0.5506054195125701 0.12818192760734387
0.10241834110075379 -1.1741309116777499 -0.2235659351338402
-1.3663923940807696 -0.2210791912436913 -0.34633784201657064
-1.530095211979751 -0.10680807453257923 -0.1406911030828201
-1.0030586167457907 -0.2694820443849827 1.2516473490973758
0.056906304518623885 -3.60155497547027 1.0172383427104443
-0.6621992758378669 -3.3485395468078405 0.47220791758879455
-1.8414985779351496 -2.700906828795161 -1.8419852175187694
-4.0244696560696225 -1.3870560632040951 -1.5838332498849805
-3.498538804703887 1.6538004859668756 -1.571756661608087
-2.097992180291819 -0.46635090985961625 -1.186107785752002
-1.0142191178140356 -0.5786870933519965 -0.7118361120164572
0.15350597937775734 -0.5925422361899264 -3.3270496557948643
-2.1389366799187246 -0.4145794691285128 -3.740009499343514
-2.457058691554132 -0.8394591550782189 -2.4189306078963426
-2.60224722730716 -0.6267912862143674 -1.3241018199757455
-1.7410467443574411 -2.0804883212631573 -1.5537549161971986
-0.11504074217001148 -0.4795261149717692 -3.0369641621171324
1.2850957621223513 -0.39362849151023394 -1.8548321105157382
1.3651518418698907 0.9662733979715179 -0.32873783214201946
1.0725681766095336 0.5620859886734682 0.22399898948082514
1.8696086428284364 0.4153990026589426 -0.23810907927253322
0.35754381921582445 1.6340719949869893 0.5354888249116385
1.1498371302943688 2.2126009622328207 2.7780102179316986
1.1117372606397478 1.0139248658487547 3.4880981166533163
2.1255212116395574 -0.2978835667713343 3.061287887961067
1.7252652608332024 0.8817132662401159 1.2343742210107602
1.1435657938965793 0.7093322277669586 -0.2338640374326566
0.27969322585426304 -1.2172559626942805 -1.0919671218627147
-0.8382137403886348 -1.8151392149666643 0.05639420824572583
-0.1766248522839714 -1.1516415995254359 -0.5394368500967663
0.6163582030890229 -1.4503530576462378 -1.8373658697332396
-0.6400084755035012 -0.8209733919681576 -1.8802329039708274
-0.09662596569668502 1.592152438565607 -0.6980359065201874
0.8026366552112646 1.5892955804503017 0.754039198093976
2.192006990027497 1.3360034042637192 0.7233308555588214
2.1351043393073272 0.9170608220862757 3.026465900615036
2.721914906442861 -0.4163027805013957 2.6848665188080965
2.764758012537089 -1.4971006596275138 0.6188072289196077
1.6369689626090338 -1.7181319750006465 -0.5364475351546698
-0.35381925337593867 -1.3707601417612567 -2.410386410999302
-2.5442855142916967 -0.32391678354979087 -0.07709498000355919
-0.46500938334559194 -0.7222924422492578 -0.8171303234306287
-2.3392152286463883 -0.2593937098051434 -0.13781202561661932
-1.960204572074776 1.5280673800192048 -0.6929937250373224
-0.18189247467744518 -0.968681548891357 0.2755206389820779
