1.0602601736202566 -0.6950892801198669
1.1248930507739314 -0.09623049505704984
-0.44731638830912834 -0.8631383829666004
0.2951289606133609 1.7166059594282386
2.204713200534027 1.1945634254962294
-0.3616246835432184 -0.6351036203400742
-0.16071756035014534 -1.4948312886326365
1.6460137019163117 -2.963826127536711
-0.2831784942924106 -3.6283146976553935
-1.3183341494026029 -2.1397984435930946
-1.2713070339764145 -0.3246351334235008
-1.2557880214147938 -1.2893468461859123
-3.4745162583205675 0.5473211746889445
-3.1707746476381953 0.5659089732174355
-0.8838172165724028 1.0764600249825456
0.29153261739456404 0.6629939960490961
-0.29743499190409095 1.0923827615630188
-0.7653284815080528 1.1289907758412996
0.8244532460922913 1.4405042616178707
-0.002686764933279129 0.28524821880090323
0.6874172065160067 -1.1251478110575104
-1.9756621523348215 -0.6209613336555718
-2.493464927097802 -0.36804339386502966
-1.989004678603369 -1.4045138770822527
-1.0664391175148928 -0.768125406388332
-0.4098476090058003 0.7263266162552009
-0.24345807485812365 0.7518258090262068
-0.5552392371590418 -1.2407688474326923
-0.4754749333461866 0.3825203677820369
-0.7981128373880733 1.790258969238043
-0.5107972416901984 0.36749121068775215
0.27528480703471764 0.951212354911922
0.48504343982864273 -1.0777710509160827
1.6072539165418982 -1.165689681045741
0.42562412491318713 -1.8630573343282708
-1.9921526017445839 -1.3032716517035934
-2.8947013666643597 -0.7521559003379777
-1.3065501948232203 0.6395549346472933
-1.3056644479214798 -1.316839380937028
-2.7519415868157147 -0.40875528964615754
-1.4800435546016018 -0.4250114093507257
-1.463748893753368 1.0566470255474045
1.1796185368005423 1.2009029746524824
0.43465522371417764 1.0510889359920057
0.1999311200591425 -0.1880851787392508
-1.4178705850881443 0.11098528118401385
-0.27699188639970584 -0.050307432693058235
-0.14344559855559186 -0.20489930529578496
-2.4059684124990075 -0.008836745960885656
-0.7187344699556315 -0.9902486708983352
-2.012281578785412 -2.2526503394319493
-2.9392037691145796 -1.9147094636736193
-3.536147708232407 -1.422096648791075
-2.2823191867066703 -1.9094631200067123
-3.008823023905926 0.062142062647282614
-1.4488210293163786 0.6785437162931115
1.0061965063469847 1.3074021191343421
0.24931903003592426 -0.3704944497806588
-0.546994120366312 -0.6932940785915265
-0.6147395662124009 -0.7775778307075489
-2.5155911840412903 0.2789508975210847
-1.1512692945423781 1.006777057871085
0.23941107675633994 0.7505824351287322
-0.17996132792960662 0.17060406624294921
1.4881649266150823 -0.6464733996194412
-0.21655972841299465 -0.19374750187945855
0.9439363998154433 0.7047001651631063
1.9134279755922443 -0.32703972562944794
0.9716573521745671 -0.4731612348075682
0.9092223252143268 -0.041218991504711755
0.6619355847039418 -0.7777951124428125
0.86203140333563 -1.562973359229985
-0.18960039148013197 -2.2735650351990393
-1.968461269015095 -2.579858247321975
-1.6528459234492485 -2.499080205429607
-2.1162821144635653 -2.434787795852012
-2.0638577796239894 0.46244549231439036
-2.0513838518535983 -1.7924489199121334
-1.9868600426353038 -0.3026871700292384
-0.28017274555575367 0.3344123916022504
1.007497133594801 0.810236350711524
1.6190259276352097 -0.794192486303035
-0.06864763109947458 -1.6437200830089527
-2.1016956860894025 1.0259250278768501
-0.6230963235793856 -0.8650552121716731
-1.9653155413426768 0.5591536773345699
-1.3988613385008595 0.16561577702495694
1.419894364578757 -0.036964932380493115
-0.06693899237367573 2.617513632349543
0.9105393741225852 1.6137117775533516
1.8013137847790244 2.2264302544034678
3.7789305718154793 2.252667808121838
4.5168090123518025 1.0792858155054867
3.1367460121304727 0.42508462365535016
2.5770216241434922 0.0549809373675014
2.085067086567741 -1.3991691131563622
2.0131936538306308 -0.1548743831146806
1.0329586660409522 0.07590662617371054
-0.033156470060994425 0.08269251343278916
-0.25594885121155075 0.028219088292959077
-1.2976972992772993 0.02432471009144118
-1.4933157522978773 -0.8230535045967764
-0.4845129443167332 -2.4936945738312746
0.10513449518365325 -0.18700991860100413
0.37690433396603595 -0.8135362235181297
-0.4732348756937901 0.5866817485748804
2.0078182589739484 0.24883878946119242
1.6816276734591558 0.5130959910081319
1.8703160043729936 -0.0035071958681107684
2.6768951494411652 -1.3484730610713818
0.26983933616818523 0.5308184962236382
-1.0412129006653887 2.061410095640782
0.8541960467026066 1.2930767308022495
0.25098890982525823 0.24090833575959614
1.1440871180535042 -1.410940743483563
-0.6713546212761756 -0.522064599927986
-1.1856565518485198 0.10248136370967637
-0.7020750411388587 0.16484219852644394
-0.6439245142468162 0.9876364398154571
-0.47754545221810235 0.8036311504590462
-2.0334975213410513 0.8279751866091377
0.3570126493113621 0.5973799220242297
-0.8906041758311394 2.196079263310842
3.532186207223093 -0.32275577150982193
2.4958691852163937 -0.07420762060489466
1.4870985352649058 -0.8967632559569043
-1.4106408221313198 -0.4685576757996689
-1.74873044632749 -1.102295938595244
-0.06299539726015024 -1.2578595160010257
0.2639838619837993 0.12436198645746288
-1.5041735617551597 0.8834522341611113
-0.2412779720320986 1.0868332997050998
1.7082786039179318 2.6286322320948687
3.0988242340889003 0.19864524956241314
2.6124700071108404 -0.34903981997124395
1.620425738606125 -1.6719581834217219
0.965907987956628 -1.105249849021592
-0.6596353111668617 -0.11739794440430729
-0.304098471923244 -0.9088834877779345
-0.45611266940553685 0.7087077742559976
0.04862048864627427 0.7776146643928113
0.09492523092626476 1.0416433888486352
1.8319002809844442 -0.5410793771986097
-1.710630041261841 -2.9776346333515553
-2.3622363429663693 -1.8559593062310091
-1.470928192651653 -0.06237813949905635
-1.4709918660138541 0.7492427826057791
-0.30384846794083337 -0.23818290162137018
0.04515208629691664 -1.0805202895045714
-0.3532169875749881 -0.15130864946103778
-0.37146268765963153 -0.6050670845415769
0.29811316301654534 -0.6049257862231904
-0.16088884067556505 0.6581878032850601
-1.1049267737574868 0.22104290840756097
-1.1085627567150114 -0.7652719068224134
-0.6262665844206696 -0.585897893427138
-1.3913988117152392 -1.6474336713253033
-3.275014561085986 -1.0695929873683436
-3.32938920937406 -2.214930768689259
-3.8595016909316753 -0.608760305553555
-0.49531918318188506 0.10759172853852067
1.0325885223020757 -0.028781445893443974
-0.2930719894229399 -1.756190027144367
-1.598495782452615 -1.6760109413680877
-2.5690863612187895 -2.233093874580967
-3.0149897737105014 -1.0352319790649354
-3.4077632904408115 -1.119998256083333
-1.779605493435243 -1.3632182036203582
-1.9916474684430867 -0.1934956524569751
-1.114947294374166 -0.9902556439538833
-0.3524421526705137 -0.41900704667982624
-2.214758035639534 0.1845551423731872
-2.9737239228210677 -1.2261684982426098
-1.626073635844581 -0.8415878785237971
-1.4742269889948685 0.42346271065840857
-2.514081770602003 0.6759224508477929
-0.6927903143203725 0.08300918175196881
0.8606379641491808 -1.2453277812641268
-0.8707855674624584 1.171148924910872
0.7661011156983968 1.3822368124405062
0.24335177213699855 1.7095501839443417
0.8659017258889453 0.7101605468452877
1.9256175329842602 -0.046491312308750476
1.6449910985455187 -1.8758800048133855
-0.008548424034373586 -2.230073206522672
1.6862434933668862 -0.3630850232144571
0.7607703322780407 1.0048188887992753
-1.002393144609262 1.054690779478445
-0.15038376230948813 -0.13018171319098293
1.476952659183101 0.6312485771185298
1.4633419594991106 -1.0391576457010185
0.9502337424198745 -0.10468230337348039
1.4656349998655216 -0.13826380952374273
0.7519462756923383 -1.6605202783461854
1.189802741087198 -1.2559740559198134
1.341318625177242 -0.5705325157568363
0.4832310817557721 0.02438282770682898
0.03214958967987319 0.08883582734925577
0.025328813943366432 -0.1538880594777768
0.16510030841013346 -0.15627989648340201
-0.4456330721757351 0.7138340197305512
0.37289782223470136 -1.5710278540540255
0.6344598506938528 -0.034607309269500064
0.6415093919133239 -1.031076305398459
0.7151551131784046 1.073497280087997
0.44372611618928093 1.1536678186617215
1.3108351510758431 0.5688965536400074
-1.4610348743539585 0.46351012677631687
-1.8539786267982428 1.9552861899606473
-0.19552343312492615 -0.16111110791113914
0.4036376988766974 -1.3967494905512488
0.8377387753650473 0.30665954448385124
-1.5280867938831404 0.5320957433761614
-0.36480719366697323 0.5812149612297507
0.0944673362599017 0.910982632236107
0.4070702043530698 -0.40670405845446
0.059440031089251257 0.2513479580097282
0.864164031379835 0.048207819905874666
1.5187221202890413 -0.5871079958093232
3.2831997932125936 0.2909304521522023
2.4291252941152996 -0.8863412111920292
0.39905644942983065 -0.36855084681108696
0.7903758234074656 -0.8667016886754491
-0.611592983075606 -0.6137547052123893
-1.0580789678721614 -0.8495191540947382
-0.33244493232345684 0.7992584981389261
0.2817839355307037 -0.3835792253043313
-0.5820896772168093 -1.531750730728014
-1.6830027467657351 -2.11534762071329
-1.1837333168003794 -1.2857080138693862
-1.7323789190354928 0.45954641211105784
-0.754809100186292 -0.555175861464486
-0.16531969266657243 -0.2533871376369528
-0.06534517054990824 -0.33752885366478047
2.815359881051978 -1.302181150931136
-0.0912148291926993 -1.4456424605119365
-0.733029705068629 0.8909675376202447
0.6478804828286737 0.6688794741235166
1.1585173424792778 0.2940440261902748
1.1307610840229483 -1.433463557959862
-0.41851024964035083 0.9763086811694139
0.2772294460827347 1.5646537541699523
1.0935146503017814 0.7442701998245911
2.043965055727669 -0.5324572675101888
0.8035468882090548 -0.41419385804596365
2.802506972773285 0.11537069769274139
2.3833052361450546 -0.5526724817063622
1.9782360561805095 0.8155970961144381
0.4451953596157381 0.5389871887616018
-0.7635897139588772 -0.9383469094545379
-1.6495937914564087 0.4620598715171236
-0.26737312173266914 -0.5051961966441709
-0.10146368738209605 1.40100335570147
1.8023346289793756 0.3724578210051701
1.5707036125436578 0.7145939487134682
1.8411829836873572 0.672284431073066
0.6433995034870499 1.1238683496468227
2.09529111204496 0.1742112269512608
1.7860084717929232 -0.2944481562475947
1.1985207779076026 -1.2496289505978853
1.0182651907516291 1.4046388416122086
-1.3272831542441623 0.9961554989873881
0.7023760842934519 1.0382383751897395
0.28278096692590615 -0.4202678671424114
-1.133581813855957 -1.3882220101770208
-1.9295654268719002 0.8603590562489893
0.9657234255723786 -0.38802791607869647
0.30416541900208305 -0.07981443063971336
0.31540529896606695 0.4274317178223112
1.3869842652431539 -0.015610050962192756
1.2505605527373787 -0.036711584676565746
2.174450162158401 0.5963236012761005
1.782136614553822 1.0133668966146394
1.6219615506936504 0.6866778772079019
1.1110518952271495 2.378871310219332
2.920654154070207 -0.0767441567229481
1.488625565330456 -0.264991500683952
0.940361146409771 -2.404139392311677
-1.771893912295242 -0.7705026742708737
-1.388474789160354 -0.09774651946727525
-1.2439125924801737 -0.796714273591586
-1.9900392695822977 0.028404253381107636
-0.16207278326557728 -0.3761277498911171
1.5472328972294187 -1.2186079657488837
-0.24018476020345836 -2.209696335409242
0.04098266552407792 -1.0326316325544267
-0.5874971000731545 -1.7516854232568915
-0.5830377923020691 -2.2462843719720755
-0.8035321697715071 -1.0816459651876809
-0.16474144658879208 1.4186872820807692
-0.4711793844440403 0.8658761852343758
0.13599353472216957 0.5182455108546136
0.2343223079539138 1.1517593524823915
-0.10968381654920156 2.504885761209128
0.5031510478821495 0.9953476624789737
0.8166048113635326 0.6459952610188175
0.49895082030985605 0.750885081505432
0.49921983613398185 -0.5453869800344093
-0.3447860935413345 -0.4401619263431692
1.3590190480554944 0.3248456338350236
1.8682677138539299 -0.19491416055863073
1.1809545176068597 -0.9534130413405478
0.11110711406973378 -0.19990332646277525
-0.14199879177560748 -0.44313699284623154
-1.2043760507798955 0.20097856998273506
-1.2082908392968754 0.3577955919923508
-0.08023857958530378 2.0616194569703286
0.3627714394480891 1.4228061606840823
0.9767118760489958 2.5754639800520494
3.0305030188021753 1.0228185833889283
2.3193047582939963 1.2173844800816587
1.7641289531340054 1.3489642232723105
2.7027363945248224 -0.17771350637730998
1.7493891816206952 -1.223380538564128
1.4322802049781824 -0.6104011430438876
1.2393195174474563 -0.6366893775387115
-0.24040246967342782 -1.4471669568791548
-1.2027459148281197 -2.646113145213203
-0.9336640600658073 -0.8496529076804266
-0.788946604776402 0.14675068100502475
-0.5460091905622831 -0.3311322605883454
0.9332087314484612 -1.7566234246829044
-1.8331352841742479 0.21307083324657494
0.7219572830825796 -1.768093346265065
-0.2538862475073171 -0.3243484587023352
-1.0076888805933524 -0.5425815068768868
-2.592866083200418 0.3478179949366989
-1.2094939359386343 0.14849366366004033
-0.7593062205260158 -1.4077191795232953
1.4573574677488967 -1.0461198227563286
0.18185982971638026 0.610621424422987
-2.0228049605859972 0.7594883596383026
-0.3113456375177197 0.5664102551589487
2.4872010560841082 0.2377501237621889
1.3519060937008696 0.15774858722935464
-0.5209216414998333 1.8670858123144125
0.8323815752267832 0.5843018519068306
1.1180813535644276 0.5152345376472743
1.603234891990803 -0.6770178479100626
-0.12462284824603131 -0.8418715510875943
-1.8489729892883044 -0.5656288910851051
-1.1563240554962542 -1.0134776294476966
-0.3355710892161571 -1.058008458570674
-0.6129967813868085 -1.032221493724038
-1.29441593409516 -1.5315516154690623
-4.198664818600842 -0.19224888142803687
-2.059994373120167 -1.1223572230136676
-0.18545170593680105 -0.4356426470384389
-1.0983742637789486 -0.5052297898586235
-0.6254460681372136 -0.8184337210800728
-1.0022945045388278 0.5851329402113384
1.1218276391992885 0.990360064709525
0.9717171189931743 1.4382089371226006
1.9590357487950936 1.9839012479166906
4.039392365640152 1.4932511424102555
2.9838035881705567 1.096140041895359
1.057013641876613 1.426085516096506
0.6109053141631101 1.0022430014181407
1.5226598585661635 0.18811711413786358
1.0488821613047072 0.26568227684827006
1.0941112124889436 -0.6081887753316741
0.6168437575581271 0.11356817804908181
1.3033415133957542 0.26387191241586394
0.20625582167430423 -0.9918236341638753
-0.48871786761392744 -0.1672164244530414
-1.359708652355219 -1.5112939608712417
-3.1774810878847353 0.6492602738372788
-2.3195457524194714 1.4211916298417178
-1.7974135159543903 0.8434082345839714
0.5708815450995421 -0.1487183020823033
-0.009164574653207191 -1.8219121076787674
-2.4405662551430627 -0.9782164903841083
-3.4157382424388585 -1.7531712476430967
-2.613261953574018 -0.1473265593537748
-0.9605654519030128 0.05977178789927451
-0.15389648129418354 -0.037775840342315035
-0.3312889076197446 0.6909256243213837
0.11724807543434765 -0.4751363067208041
-1.5819218000282325 -0.3462579284221694
-0.4624917081819593 -1.1721747999497756
-1.09331503379209 -0.2267176350114843
0.49894854411468126 1.514770450206169
1.4967314294184753 2.89964758752396
3.071517948360662 1.4935371717008004
1.737065968711295 1.4814121846503059
2.4493278469135946 1.1040652812660308
2.59853008743575 1.1635103355942684
2.246031193258671 -1.2840293634089357
-0.21233248033033114 1.5689762029504646
-1.2364145458209208 1.570954948456369
0.6294411737246184 1.5421595064023637
0.9007766834264019 0.916862710898833
0.3852867793060739 -0.2538744099605683
1.3918515108379064 0.3110146216623406
-0.7985868479191317 -0.677676314415611
0.17304958415093064 -0.2821223990324574
-0.3696494094526104 0.5955851973970141
1.76250781741346 0.4981935595241341
1.129490096978194 3.750113797948028
3.4181573838150747 1.8498538879075137
3.3560430116125777 1.7376829358959323
3.4693850776996706 2.096823881623877
0.9317690634847104 0.13114691846801696
1.7441567309125916 -0.026870741572486492
-0.4644068253229192 0.13472399118125788
0.11414467569425579 1.5931718579878928
0.46798671087661475 2.9704300602567253
1.7681255819513977 0.434501125281916
2.0084429125043197 -0.6055937693013851
1.198661022218565 -1.1405104396602814
0.0409998390617808 -1.5190116443923394
1.3533891253286026 -0.8504201896934603
-1.728322139134773 0.04579665449587389
-1.5125712416173063 -1.0627330327995117
-1.6780996218833686 -0.7284966677624973
-2.388393919105545 -0.9076929468383435
-1.7952708835955078 -0.86425230875343
-2.907032585201061 0.4287323431491392
-1.2359812894749629 -0.9064041690746871
-1.2390643697237185 -1.6907903503978796
-1.0937591605534518 -0.4357614962682217
-1.6269426037712735 -0.7339086430592816
-0.8845743486958546 0.9102560518473242
-0.19414747067368585 1.0368783021424335
-0.6546392957866572 -0.2777785993438877
-1.1589637045996675 -1.6866710751974503
-3.2051454832481863 0.03494682825569484
-1.448124437242544 -0.5687424222031154
-1.4875065633823046 -1.5674187994202815
-2.99965419647537 -1.5019960755710402
-5.365774241073834 -1.005954102413153
-3.5052813097707114 1.1406485462569753
-1.8664411101466594 -0.8462100239260715
-1.8941323836127588 0.28911152596755496
-1.1583511615783513 -0.7775371042268631
-0.7966534985624927 0.24932708530552772
0.29667339009492466 1.285924907651867
1.4697399096100305 1.206490155547837
2.28045566247943 0.7111193451242538
0.852159624638005 0.623185611556561
1.9277060457317827 -0.1268366089031892
0.06958968755264805 -0.9233601217147303
-1.166785830473179 -0.45413934932559563
-1.1729846550711305 -0.2646074815467565
-1.7449436886009813 -1.4875418328514858
-2.198032059317555 0.3467970339633152
-1.324592792775669 1.4086986491060383
1.0995963640670268 0.7551858163214198
2.6152193083161084 -0.5681008678347534
-0.05567755353062043 -1.29492865720036
-0.21271761846705634 0.5534153497761795
0.5427953851140404 0.6562415805481061
-0.4875074543487412 -0.16761091081014967
0.32695493908499446 -1.245039056092302
-1.3014892646291527 -0.4132163794891168
-2.163576936061039 0.8320317265038228
-0.30877206361927767 3.2966930121488853
1.8548896845085228 2.0123079069295287
3.8549238354166233 1.9466594540931634
2.7814192294941176 1.7522724350402843
1.5557799475802083 0.1722743540858369
0.5698471599016476 1.9508841977604519
0.4633879674309431 2.812911276397295
1.4386890031028534 2.0720874976781363
2.401474960374541 1.580447506050938
3.1631639877976414 1.7288612713557554
5.064512199545193 0.6881885822260135
3.4217082359641533 0.9576106594633544
2.8030752774904317 -0.14571807618820476
2.83608452552176 -2.18260370316215
1.4446123015381036 -0.14689249031483587
-0.7284560743750825 0.09018462503051136
0.3065164007057244 -1.6018371964234608
-1.9195552167236003 -1.5089667967804254
-2.7377352892028437 -1.4538470395695788
-2.9935966307770423 -1.5655962703907016
-3.1968241287447845 0.6753650933369217
-0.7253691989148433 0.25150230026219533
0.010367730709143208 -1.7471894188126056
0.39650602556667613 -0.1618419303039217
-0.6647747859603184 -0.9375983882412406
-0.3680532657948946 0.210558912437527
0.05858030802281411 0.6886992206019963
0.7342430120649648 0.20300414824666524
1.0847344224402848 1.0291016069005112
1.2309662122481764 2.238721894338099
1.699085953240541 1.6191204674659765
2.566413739062825 -0.25252228802429455
1.4197708522294428 -1.348073967266423
1.0553225545458003 -0.01440159575512956
2.203204424334394 -0.16669664494973696
1.680981518460433 0.3824168747466299
-0.3115289471088354 -0.5599752156162475
-1.3998338217238722 0.441479564184107
0.0649958885449966 -0.5222610107340013
-1.153082264553524 0.6557917023019972
-1.0466271888076797 1.5414966245043056
-0.5371444704911438 -0.008548517627102736
-3.155628673443171 0.43340717690662767
-1.3140067466242156 -1.1342996378876107
-1.9019506456438922 -0.4430733323095149
-1.3812293556625848 -2.207844050541822
-2.2873979756827754 -1.9030361444113775
-1.246169153146077 -1.2293285534586553
-0.6054406663221107 -0.9108322809766952
0.06249447900065319 -0.016052931617869026
0.15960591998252024 0.3197888902472985
-0.015468155218329449 1.0742417820675538
0.8844228996617495 2.2011885174717243
0.6283954501076598 0.9942003530086161
1.8919729610358782 1.310792252965626
1.5161120419042682 1.5096525319635123
2.6884908129144534 1.5935418323607873
2.9522136434904476 1.114252799979154
3.4831243264980762 1.2780082934898656
2.3547955099728077 0.6415132090487712
1.0269059703811882 0.08601830185569731
1.1992449521200195 0.07250607867311785
1.5937840673417203 -2.0493016607260457
-1.5544581225783949 -0.5424080210133069
-2.5308795642386412 -0.27945493756067746
-2.167789901713916 1.7158462150735045
-2.5657738451414662 0.2694417048034644
-2.1457122718167554 -0.5979539375396847
-0.7016920693353343 -0.07051167806506564
0.9618238847339275 -0.619095583492342
1.8843094004012344 2.2663780509706175
3.0812187113503193 0.6490094809714212
1.6411040711934421 1.0327732728995662
1.0133481548590046 1.251291239709543
1.2567126471989722 0.720714106648816
0.6859531576792484 1.1438618984621587
-0.5850419606859729 -0.6003416361662596
-1.1293211388978708 0.7822813646887781
0.16133801914585272 0.3016636047930015
-1.1724638951095916 0.23026431661719027
-0.23047182339562472 -0.23730554922618508
0.08954810077407249 -0.6880828721193069
0.5358256601629137 -1.8164537069099609
-0.5844240469178179 -0.6145032226511985
-0.7617932932372127 -0.5947901111026046
0.4777659859275143 0.5944079675451225
-1.3598320545634166 1.0054464300143606
-0.8228877663105058 1.1969576412745857
-0.3340087985460529 0.6808772298496245
1.6955190878871746 0.40247419021456826
0.19181819181467707 0.6039909834540694
0.4794897477318611 1.666312643282143
0.8785092619163637 -0.33583897830197595
-0.41183371243754163 1.0150651198270655
1.4021057759760798 1.370766810358166
1.847148038794548 2.344479429546204
3.792991846018534 0.661570494121364
0.7699174462490557 0.7829514689541291
0.03884044946281695 -0.4692845592531574
-1.0025003304039317 1.24277517038614
1.3551483559485558 0.4160293099265269
1.172598843403484 1.1916872150284639
0.37277386534656454 1.1827975541927565
-0.05025666739503698 1.223070195499574
0.36534149077311495 1.5943008677644699
-0.5421772746122713 -1.6264035083056492
-0.7117227449673338 -1.5113598549846203
-1.4828684416374234 -2.3255609074324495
-1.1813491042118907 -1.4179803482987674
-0.6604250359746159 -0.47146131265002317
-3.185321606764319 -0.9415643914374773
-3.533155823342727 1.7285901988281585
-3.1214878044778667 1.4872450041046514
-1.9227008904822367 1.2171921221871687
-1.5160721716383554 0.12169897452751388
-0.9654607016545488 -1.1882761239705284
-1.5387322991873635 0.5577799795424939
-0.7978677168183792 -0.3427265773152143
-1.0795469742790564 0.6732384927565546
1.0020193210214223 1.6662587397388782
2.6742107788747136 2.1382298239893256
1.5887469012251607 1.8263937055458568
1.836323919676912 1.517612184685707
1.4649760712873063 0.48182314018054845
2.5145028667591376 -0.6812037731057792
0.9136042532787549 0.6852854329129108
0.42871976735713707 -0.46160720787081594
0.9074810569340905 0.9364746650200784
0.8396291913786985 1.4849890409596709
1.511408945888189 2.830192417708113
0.3478779245701218 1.853298650901257
0.7548924424291288 0.5761779805230579
1.7581900719001011 0.5437468652103816
1.2299632305038042 1.0097606841991387
1.6132512957434781 -0.5818872367385274
1.214182727534888 -0.7547934348064571
2.190507174822816 0.35646124911654486
1.255364425550532 -2.2020321923286046
0.5682868796027293 -2.7886455666205885
-1.194528739422219 -1.0874398049122085
-2.766907148125971 -0.8327003765964289
-1.5488444719919028 -0.3301933461026425
-1.6904258772443088 -0.918181166281969
-2.8681392952574214 0.7054782819346258
-0.008555076839070086 0.5310804010654927
-0.08069919274284304 0.6092005953910355
0.56026064077151 0.9940198570393026
0.6812957060589337 -1.230966863075487
-0.492065157704301 -1.5143907746226153
-0.3393967576755369 0.29119498368906727
0.6286239146554639 -0.13314606258292913
0.20494571890068586 0.42049149654899076
-0.2625786494162797 0.5776813198931845
0.4999551223941119 0.7115661834822864
1.7164494217311301 2.3885593359094113
0.6555498870209917 2.6247336865147126
2.9641107886138878 1.8126347892793386
4.437572944815426 1.6295848979524492
4.095936654942378 -0.6459671685618252
3.3016637628220105 0.9445835795707109
3.6903596757181023 0.3208117367227557
1.7942958914834464 2.864150591433671
0.6974774968098008 1.5352665449357126
1.469319321930117 1.1194897979130323
-0.4636822254747257 1.6202282203546177
-0.025299950005771454 2.526478248907571
1.9164827325265485 1.2093079787316094
2.2831545954405987 1.0507571625291225
2.6097284632350854 1.7658390505610417
-0.3701445740814022 -0.08476136467629702
0.5344873904058465 0.6460402101737763
0.5711616905697954 1.2896419824725818
-0.452483391464662 0.26827876625191127
1.1950334811456416 -0.9338425290195577
0.13637200652588888 -1.1303441149938105
-1.4889958743482565 -0.9954144284907482
-1.781938180327914 -0.4494373531837441
-2.7225789417899366 -0.8299755262488919
-1.2172856381848112 -1.0241987007266165
-0.061983975093828914 -1.1128567933230402
-0.5669514285596571 -1.049386989699891
-0.1222485885076563 -0.5828219220739622
-1.6954994234283516 -0.30522312838877946
-2.5299846821228757 -0.017971640171742187
0.0792824665561862 0.19080459824616233
0.5462839480700413 0.8267561678464649
0.06278092201989649 1.245632536126309
1.146692245996212 0.9543399562788137
-0.21046068481104796 -0.32856206663113063
-0.8063275968738772 -0.5457218999171527
-2.2192310601682412 -0.585059179181016
-0.1487430069308644 -1.5513695484899332
0.35421342332215855 -0.37137293630519874
-0.09261104541850551 -1.2332213404948038
0.9518393511487351 -0.7167759343420926
0.7757736812110547 1.0589881435758541
1.1410358045107316 1.707669248058323
2.3752296977269025 1.0945727379439874
2.6804763628439634 -0.3985614525089438
1.3315031269340254 0.6306615998182512
0.40574393026910993 -0.39275652739373973
2.735101152151171 -1.6375751257091031
1.9160563780926823 -2.953970292515929
-1.3282112524532288 -1.6888748502008715
-1.1986342113419783 -1.4024339271145339
-0.42591163101253837 -2.3296864613344934
-0.6184535664311348 -0.6756411423621341
-0.061545051847259225 -0.8639176715904306
1.4929351821873793 -0.35395711315352896
1.0639869741188814 1.1125131687250303
1.305805796632352 -0.009009161506279173
1.0070246275694414 0.569083899381653
2.0072342070567095 -0.4691842483729876
0.6866265680029445 1.5981767268389848
1.6825245765571157 -0.05690172362924539
0.6694444127419295 -1.6560422887214956
-1.7439865240951895 -1.0374667651739466
-2.429474795886699 -0.7406010419223772
-0.30323941365991525 -0.5643576385570661
1.8168412961157887 -0.825370166117035
0.10414024296994506 -1.0229171353049475
-1.2428255592811643 -0.7863685066122258
-1.5703904673625027 0.10938550210007048
-1.4795679801227202 1.2676541117386966
0.37414493554990436 1.7215340001401547
0.9471684938317856 1.2520077875235205
0.6942657806696927 1.48730364868635
1.3954585944413813 1.0781203363783112
0.7986141229325469 -0.2486422415447923
1.3571447641125254 0.036598943813496404
1.1619926960628242 1.1056877391530777
1.9296344118662052 1.2084405619280285
3.020333303281263 -0.4352194907327942
-0.3496797255514914 1.5979450523373058
0.5418153202584401 2.108365420986409
1.9233629956743366 -0.03409443638531373
1.339330366858365 0.3154697980682416
-0.5563224885194 0.3595137566666717
0.4129977572880438 -0.24033450842688173
-0.655784226902514 -0.15198126231787218
0.22906506566974805 -2.574487495146793
-1.1248141601075292 -0.5360000893632051
-1.239315189815816 -0.602098017141637
-0.04911610896769425 0.030255416017378578
1.5763787987155577 0.7913032742221241
1.8678866588480254 0.3318834360589232
2.094902968785095 -0.17801958571879084
2.510415016601315 -2.8238290808760267
0.9097952855550496 -2.7396557022614036
-1.7918622013846384 -1.1183950741051958
-3.0751528769864653 -1.1430286002138783
-1.2388981672965578 -0.02252880560193582
-2.2165513970573425 -0.7523619927387472
-0.8460448092712255 -1.9570507207348524
0.42652830480880577 -0.09334584494344744
1.5588510996881495 -0.43839818299765465
0.021223479017571156 0.9585996272104831
-0.3023990731704026 0.7963783420481191
1.0506906527026287 -0.5143424875969739
-0.6347643398567313 1.5995518293834496
-0.27155736629028054 2.2011309242641444
0.03648507230144804 2.253649187795988
2.0064017212274474 1.6775293562548974
3.2899933892683104 2.021283541429416
3.2112578149477082 1.6131451545139506
3.5485915215213373 -0.9018515045630657
1.7484624008642182 1.2346906308176564
0.8613051915395769 1.2361664651548665
2.208197787852238 3.548205926988262
3.363791482069446 1.3105854063974238
3.350540613802784 0.9978314431235329
3.645851641639932 2.0400765520583066
4.781077794643161 0.049924445692682395
3.401272339135864 0.45742091360017717
2.4428202042899616 -2.8765172193274977
1.6312516425046255 -0.7015011724116593
-0.3870663590896575 1.0518307514242284
1.4206497236698437 0.3985965908182879
0.9847694324390779 1.7403551738225678
1.4775553754126338 2.4674878252165007
-0.30205666825623423 0.3124840029197622
0.6097933869171225 1.563747655712557
1.6747551459946524 1.6670778819354177
1.6010622855998315 1.1719943794235557
1.0976603844430721 1.0623110589623168
2.7074902481442304 2.147504272136923
3.1342591774613133 1.264574993723565
2.3187173793498213 -0.5151999066248298
-0.7465622343271141 1.894715795562124
1.1933352150435952 0.8953952410271782
1.9691508929551294 1.441683829512069
2.413232633443797 -0.9209814521520184
0.6730797178249553 -0.10811936888435653
1.3639760051581944 1.2093072758157772
0.5503569892657386 1.154712360628628
-0.34548549636647896 0.20602892772290554
0.028072704484546795 -0.719610885766118
-0.9197542122181611 0.014764696168288571
-2.284250983343281 -0.3421165890844604
-1.7130598686148448 0.13214266860465698
-1.9745757571948686 0.5298608755138794
-1.630633755446957 0.8073234269848815
-0.4893317594229666 1.2704389922643948
0.04104988989811298 0.6287582925195954
-1.8042008090720114 1.1883714606509295
-0.11789175030484894 0.8958815565194046
1.0340679328863231 1.1436347847033264
2.826372910422916 1.0441291740198038
2.976683624006175 -0.13629152271276612
1.3614487750441429 0.15791719393681486
2.432379123544405 -0.654548563016788
0.9292478470307215 -0.6523018780481233
-0.880486087279903 0.2209370160088477
-0.5713496957204341 -0.674999007473596
-1.0612606762488557 0.0820791637616462
-0.43263018079501825 0.47183093451653313
-1.4152394428426875 0.4783390158418416
-0.9228813022330753 0.08358792421226002
-1.0795279629070578 0.4450187425144606
-1.7924411318062001 -0.028098514600892632
-0.7656739563358597 0.40871746771175826
-0.39294793087579444 -1.270364594401905
-2.1737589836163758 -0.8816760040107633
-1.3780567362140708 -0.7977535897228173
-1.7949051272283587 0.23874881833117317
-1.0803468847983053 1.1419196735893795
0.191043855048748 1.3619316385487306
1.1562216279401833 0.21191127998751402
-0.06695783124790278 2.5085641098475575
0.6376807428997279 1.1789404247306352
1.65927294753614 1.6911395021410647
1.0335456413231396 -0.22753395856035663
2.3997709969197327 0.8895795320812215
1.4684966413047142 1.7567324692353021
2.1924944961289774 1.36570644061891
0.7760196939293162 2.1068666914198886
0.3465167312255275 1.5898526027673403
0.043045070074332226 1.4508180042507606
0.9239363401954359 0.9675395538401513
0.025527666982338992 1.1977362243543952
0.9812890101584183 -0.7038933741153753
1.173844110306917 -1.1836867501834072
0.8839945996827785 -1.1288809281704677
0.3229128155009734 -1.8964756846727222
-1.2971400593830027 -1.930928087140993
-3.1079145119774005 -1.2614857094171885
-1.4875160903516729 -1.567506250981095
-1.4972013157366448 0.19641730935551582
-0.5153271212621707 -0.48612599106625054
-0.8813652890203163 -0.5879573453562761
-3.8769001095674156 -0.1817269246735041
-2.4769178051772185 0.49433526667871863
-1.3323943626061903 0.47079771866331277
-0.07811259972379847 0.6307486666133577
-0.314352809744001 0.014493193445594355
0.1258296872402964 -0.5219675436933362
-0.6004922882932981 -2.4727482775717924
-0.9416716086467269 -1.274881278686829
-1.5436214909592885 -1.829438252480762
-1.786002183389955 -0.5426326043179945
-1.5222348202764036 -0.8260910480964336
-1.6525061044127434 1.5535321332110814
-0.5680593602414732 0.1281366419830291
-0.9026979732042044 -0.805796724618507
-0.6961397475049933 -0.8688806756947589
0.6417347556322706 -0.22651530949241672
-0.25158993337753516 -0.46716659227534296
-0.5750517800360389 0.2615203930182512
0.47941411563066083 -0.848908721792065
-0.6435614657008283 0.29646573846871616
-0.09254125661775459 0.6289022327913962
0.8667554772864041 -0.8253330783683925
0.5527796571292687 0.5279025752564741
2.6913308541225494 -0.4653544419855093
1.2425525629854788 -1.2296465330012438
1.0753783894076303 -2.064677430962296
-1.7318037958387942 -1.7034934373480741
-1.006584591803994 -1.2479389946557295
-3.1576842886141328 -0.5423953230490063
-3.203989127594305 0.48977654031844514
-0.14542328767409862 -0.5645301366161599
0.16889551471943415 -0.46980603143827504
0.3094755408548959 -1.0264089711438174
0.7262545003269585 -1.032199010756695
-0.18790253973726628 -0.8891000488388022
-1.3509169964958887 0.327957543964694
-2.0111295380814984 -0.11340603410549047
-1.2205086843765152 -1.480559260227237
-1.2154190444764612 -1.463572497985035
-2.36659440029812 -0.12122943043549006
-1.3454949330904142 -0.1968009463868317
0.11217677116728342 0.35787823619655773
-2.040992764580271 -0.5074723318981915
-2.8381095023089284 0.02651104733608195
-1.3779175108602306 0.2778049904984815
0.1603211681975678 -1.1403327742688691
-0.7777314501852425 -1.723875362664009
-1.6923164933426575 0.902553309051702
-1.2556778376958249 -0.8159258598170441
-2.552928843654361 -1.5818037333051194
-3.2590092879522103 -1.8363892829146669
-2.406423544567979 -1.6265144356621546
-3.0194800614674575 -1.5681133101303844
-3.906600699650727 -0.05214648340529482
-1.9424588606609055 0.45522076908830317
-1.2991522791239885 -1.547004197077162
-3.109555843524793 -0.20375203345280568
-1.7129463554679123 0.45707283594786086
-0.3134512157721508 -0.4700875276375654
-0.9489324327207496 -0.7319207322382644
-2.6100580270927294 -0.017113958602321566
-1.066420100231308 -0.5556739271641712
0.3724708255780431 -0.3128583553590342
0.7294190084768031 0.3169448957708404
-0.5664173984776075 -0.46449783622786367
-0.7257624670659343 0.876882654018635
-0.2151577408431797 1.2066754205099688
-0.5082550595333567 1.6893091437437988
0.3783585049057272 1.7894197977321222
1.154114072330809 1.6744947720021996
1.9474750406958172 -0.32826378584417437
1.8093345774727978 -1.2802648187953518
0.47463687393157605 -3.3132074339038375
-1.6622913460270177 -2.173675479338317
-2.2169677206386185 -2.322297587944738
-3.0746002303926 0.5584894123142381
-0.07722668454250936 0.5575022596034371
-0.6648726915938624 0.4680709045620534
-0.08461245574574522 -0.24682111459385797
0.26789857674054135 1.9589459241407825
1.2706114548831462 0.8222963125782552
1.1618095398529935 1.0382338975240843
1.499435131859551 0.305471186917053
2.393556359941227 -0.011115970505013117
3.257638345495689 -1.7962131894392446
0.9851139715442004 -2.4941288742313423
0.30754683297596364 0.3251082519025075
0.7141902681025698 2.1322890055040444
1.8276662209232313 1.8654016052352298
1.4293105666188568 0.04694469185061245
1.8026197486391773 -1.372741103245421
1.0332336703795044 -2.030656194727321
-1.0179846754893571 0.9750346880968446
-0.0037648261145410283 -0.8121006267045061
0.030817140662883102 -0.8941329181774389
-1.7078489739096483 -0.02206718305706623
-1.50326733875757 0.4929041918372066
-1.7514292967329177 -1.6764366767261052
-2.741493366981047 -0.8151086677705995
-1.6874363635640006 -0.048697785170408014
-0.988603660600886 1.2595153252869424
-0.7417626371366806 1.3650964307116515
0.8238786052045235 0.2176785219217129
0.9958737505311368 0.7986149093579697
0.9691492846353804 1.0026117895264521
0.8312405241034714 0.9576993386239889
2.025639183413893 0.21436065853215636
1.2193648454798018 0.28579263870217114
1.844648113947827 -2.023380301552253
0.1437362588759612 -0.7592791670106744
-1.5516784582492922 -0.9094796624232147
-3.5243919584698835 -0.20007723198791938
-1.2106773436908054 -0.11519388335963314
-1.1217795340834629 0.43423426962383227
0.28236893457326956 0.3519534085898896
-0.21882228296904888 1.1207524643923057
0.5478052725626249 -1.9041465582808157
-2.4538756992520465 -0.9737480935358862
-2.646149743918201 -1.6225953692916115
-3.1063734829476126 -0.8200497070028645
-2.501208090201202 0.28893702734898574
-1.8283053336934305 1.284341167590991
0.24247068869082633 -0.08737612203922651
0.7580623807210837 -1.4095616157967652
-0.9306573835574022 -0.8664811288339621
-2.5392864857015534 -1.1990294439709213
-2.9180357231314398 -0.000509332401338769
2.1299783264583936 0.33666945403923537
1.5458467679265124 1.7889848778228907
1.4908250739650244 1.0689839557314353
1.2038981260268287 0.7907317660697364
1.9044055116651963 -0.19623729045603183
-0.06117621915358962 0.2863143511740916
-0.6557038615816854 1.0618392803668135
-0.6991230040349643 0.9264529803520811
1.7694467373166458 -0.0737065411587624
1.2057291568466357 -0.10701992748593042
1.1921750424970603 -0.050858989654558186
2.0000458335767357 -0.11131069191785557
1.163622167178383 -2.935992936228084
-1.9865145120186487 -2.817384681751725
-2.7315536998747634 -0.2449143556748945
-2.3918854686625943 0.49882720417876647
-1.600333457118112 -0.4358036841776813
-2.595061538507877 -0.9052717781312598
-1.661167233451949 -1.0597938547524137
-1.5668192682308075 0.3506439522395399
-2.118883376015042 -0.439192748324142
-2.746540055926122 -0.41402557594699774
0.01302975478453372 0.9532506151690979
-0.6469471952151524 0.9813696610823289
-1.5579509999409051 -0.1757937204462613
1.2274194451976979 -0.16933703117377452
1.0849487728392497 0.051623047661517665
1.95489776361286 -0.8775526753804781
1.0766500973328386 1.1316094120763505
1.7771574888812052 0.45719233128044023
2.2848321092767203 -1.0887272580184029
0.7319299899038445 -0.4451156972595367
0.784989639344815 -0.6985630880569169
-0.1695075415535252 0.8170636723903208
1.2278270742259436 0.6851930834506612
-0.8539317947876164 0.15973995397943141
-0.3450494926332054 0.6238729173298628
-1.224806959278898 0.6159755687790993
-1.7911945123997355 1.1498336906718336
-0.4873593180404489 0.42986594671979966
0.26739411105448974 0.8609582749277944
0.8348121036740834 -1.3193979522967318
-1.3578149375083468 0.14893851564259997
-0.19492606171821059 1.767049698443036
1.3033486181391143 1.5308933944929763
1.2721258828685447 1.2992646441221376
3.1971257589542397 1.1080645393150057
4.583691785752672 0.6574882078877078
3.2361924270178895 0.08001191295894206
1.8308395293200124 1.3494722521383145
2.055663742913094 1.5181040731031903
2.570440563556557 2.2855813522331982
1.5296192776063855 1.3639012164764872
1.3375827813693393 0.3892309553669883
0.26564684296393415 1.5801346442593582
-0.2664796415691597 0.9363919107580791
1.7856175393796607 0.815133923454288
1.917184778563659 0.23966759485077993
0.816880833639043 -0.34857374561944665
-0.08673235314973388 -1.0061105661053347
-0.1500203289512856 -0.6738824665690237
0.36065035896777564 -0.4441994819098566
0.3589393259467688 -1.0182784600848651
-0.2993735712596155 -0.9213650057324091
-1.3485408370383958 -1.2769060753809203
-2.119964002657704 -1.5127537941843285
-3.1219756036327144 -0.8315885186305766
